0,1,2,3,4,5,6,7,8,9,10,11,12,13,14,15,16,17,18,19,20,21,22,23,24,25,26,27,28,29,30,31,32,33,34,35,36,37,38,39,40,41,42,43,44,45,46,47,48,49,50,51,52,53,54,55,56,57,58,59,60,61,62,63,64,65,66,67,68,69,70,71,72,73,74,75,76,77,78,79,80,81,82,83,84,85,86,87,88,89,90,91,92,93,94,95,96,97,98,99,100,101,102,103,104,105,106,107,108,109,110,111,112,113,114,115,116,117,118,119,120,121,122,123,124,125,126,127,128,129,130,131,132,133,134,135,136,137,138,139,140,141,142,143,144,145,146,147,148,149,150,151,152,153,154,155,156,157,158,159,160,161,162,163,164,165,166,167,168,169,170,171,172,173,174,175,176,177,178,179,180,181,182,183,184,185,186,187,188,189,190,191,192,193,194,195,196,197,198,199,200,201,202,203,204,205,206,207,208,209,210,211,212,213,214,215,216,217,218,219,220,221,222,223,224,225,226,227,228,229,230,231,232,233,234,235,236,237,238,239,240,241,242,243,244,245,246,247,248,249,250,251,252,253,254,255,256,257,258,259,260,261,262,263,264,265,266,267,268,269,270,271,272,273,274,275,276,277,278,279,280,281,282,283,284,285,286,287,288,289,290,291,292,293,294,295,296,297,298,299
0.8069003920894302,1.6138007841788604,2.420701176268291,3.227601568357721,4.034501960447151,5.19447912111627,6.0013795132057,6.80827990529513,6.8967309918308475,7.249807760410537,7.249807760410537,7.602884528990226,7.602884528990226,7.602884528990226,7.955961297569916,7.955961297569916,7.955961297569916,7.955961297569916,7.955961297569916,7.955961297569916,8.848169590762632,8.848169590762632,8.848169590762632,8.848169590762632,8.848169590762632,8.848169590762632,9.11459332072714,9.11459332072714,9.11459332072714,9.11459332072714,9.254681816102192,9.254681816102192,9.254681816102192,9.254681816102192,9.254681816102192,9.5211055460667,9.5211055460667,9.5211055460667,9.5211055460667,9.5211055460667,9.5211055460667,9.5211055460667,9.87418231464639,9.87418231464639,9.87418231464639,9.87418231464639,9.87418231464639,9.87418231464639,9.87418231464639,9.87418231464639,9.87418231464639,9.87418231464639,9.87418231464639,9.87418231464639,10.22725908322608,10.18477149794699,10.18477149794699,10.18477149794699,10.18477149794699,10.18477149794699,10.18477149794699,10.53784826652668,10.89092503510637,11.24400180368606,11.24400180368606,11.24400180368606,11.597078572265751,11.597078572265751,11.597078572265751,11.597078572265751,11.597078572265751,11.597078572265751,11.597078572265751,11.597078572265751,11.597078572265751,11.597078572265751,11.597078572265751,11.597078572265751,11.597078572265751,11.597078572265751,11.597078572265751,11.597078572265751,11.597078572265751,11.597078572265751,11.597078572265751,11.597078572265751,11.597078572265751,11.597078572265751,11.597078572265751,11.597078572265751,11.597078572265751,11.597078572265751,11.597078572265751,11.597078572265751,11.597078572265751,11.597078572265751,11.597078572265751,11.597078572265751,11.597078572265751,11.597078572265751,11.597078572265751,11.597078572265751,11.597078572265751,11.597078572265751,11.597078572265751,11.597078572265751,11.597078572265751,11.597078572265751,11.597078572265751,11.597078572265751,11.597078572265751,11.597078572265751,11.597078572265751,11.597078572265751,11.597078572265751,11.597078572265751,11.597078572265751,11.597078572265751,11.597078572265751,11.597078572265751,11.597078572265751,11.597078572265751,11.597078572265751,11.597078572265751,11.597078572265751,11.597078572265751,11.597078572265751,11.597078572265751,11.597078572265751,11.597078572265751,11.55459098698666,11.55459098698666,11.55459098698666,11.55459098698666,11.55459098698666,11.55459098698666,11.55459098698666,11.55459098698666,11.55459098698666,11.55459098698666,11.55459098698666,11.55459098698666,11.55459098698666,11.55459098698666,11.55459098698666,11.55459098698666,11.55459098698666,11.55459098698666,11.55459098698666,11.55459098698666,11.55459098698666,11.55459098698666,11.694679482361712,11.694679482361712,11.694679482361712,11.694679482361712,11.694679482361712,11.694679482361712,11.694679482361712,11.694679482361712,11.57269857794794,11.839122307912447,11.839122307912447,11.839122307912447,11.839122307912447,11.839122307912447,11.839122307912447,11.839122307912447,11.839122307912447,11.982806953777262,11.982806953777262,11.982806953777262,11.982806953777262,11.982806953777262,11.860826049363489,11.860826049363489,11.860826049363489,11.860826049363489,11.860826049363489,11.860826049363489,11.860826049363489,11.860826049363489,11.860826049363489,11.860826049363489,11.860826049363489,11.860826049363489,11.860826049363489,12.127249779327997,12.127249779327997,12.127249779327997,12.127249779327997,12.127249779327997,12.127249779327997,12.127249779327997,12.127249779327997,12.127249779327997,12.127249779327997,12.127249779327997,12.127249779327997,12.127249779327997,12.127249779327997,12.127249779327997,12.127249779327997,12.127249779327997,12.127249779327997,12.127249779327997,12.127249779327997,12.127249779327997,12.127249779327997,12.127249779327997,12.127249779327997,12.127249779327997,12.127249779327997,12.127249779327997,12.127249779327997,12.127249779327997,12.127249779327997,12.127249779327997,12.127249779327997,12.127249779327997,12.127249779327997,12.127249779327997,12.127249779327997,12.127249779327997,12.127249779327997,12.127249779327997,12.127249779327997,12.127249779327997,12.127249779327997,12.127249779327997,12.127249779327997,12.127249779327997,12.127249779327997,12.127249779327997,12.127249779327997,12.127249779327997,12.127249779327997,12.127249779327997,12.127249779327997,12.127249779327997,12.127249779327997,12.127249779327997,12.127249779327997,12.127249779327997,12.127249779327997,12.127249779327997,12.127249779327997,12.127249779327997,12.127249779327997,12.127249779327997,12.19149955818168,12.19149955818168,12.19149955818168,12.19149955818168,12.19149955818168,12.19149955818168,12.19149955818168,12.19149955818168,12.19149955818168,12.19149955818168,12.19149955818168,12.19149955818168,12.19149955818168,12.19149955818168,12.19149955818168,12.19149955818168,12.19149955818168,12.19149955818168,12.19149955818168,12.19149955818168,12.19149955818168,12.255749337035365,12.255749337035365,12.255749337035365,12.255749337035365,12.255749337035365,12.255749337035365,12.255749337035365,12.255749337035365,12.255749337035365,12.255749337035365,12.255749337035365,12.255749337035365,12.255749337035365,12.255749337035365,12.255749337035365,12.255749337035365,12.255749337035365,12.255749337035365,12.255749337035365,12.255749337035365,12.255749337035365,12.255749337035365,12.255749337035365,12.255749337035365,12.255749337035365,12.255749337035365,12.255749337035365,12.255749337035365,12.255749337035365
1.173660872996327,2.0027175703763858,2.831774267756445,3.660830965136504,4.489887662516563,5.318944359896622,6.148001057276681,6.97705775465674,7.806114452036799,8.979775325033126,9.808832022413185,10.637888719793244,11.811549592789572,12.64060629016963,13.46966298754969,14.298719684929749,15.127776382309808,15.956833079689867,16.785889777069926,17.614946474449983,18.44400317183004,19.617664044826366,20.791324917822692,21.62038161520275,22.449438312582807,22.568760503656115,22.913364679272384,22.913364679272384,22.913364679272384,22.913364679272384,22.913364679272384,22.913364679272384,22.913364679272384,22.913364679272384,22.913364679272384,22.913364679272384,22.913364679272384,22.913364679272384,23.89611733312432,23.89611733312432,23.89611733312432,24.15644642819434,24.15644642819434,24.53873819465653,24.53873819465653,24.8833423702728,24.8833423702728,24.8833423702728,25.22794654588907,25.22794654588907,25.22794654588907,25.22794654588907,25.22794654588907,25.572550721505337,25.572550721505337,25.832879816575357,25.832879816575357,25.832879816575357,25.832879816575357,25.832879816575357,25.832879816575357,25.832879816575357,25.832879816575357,26.177483992191625,26.177483992191625,26.177483992191625,26.177483992191625,26.177483992191625,26.177483992191625,26.256176519342066,26.256176519342066,26.256176519342066,26.36614617731251,26.36614617731251,26.36614617731251,26.36614617731251,26.36614617731251,26.36614617731251,26.36614617731251,26.36614617731251,26.36614617731251,26.36614617731251,26.36614617731251,26.36614617731251,26.36614617731251,26.36614617731251,26.36614617731251,26.36614617731251,26.36614617731251,26.36614617731251,26.36614617731251,26.36614617731251,26.36614617731251,26.36614617731251,26.36614617731251,26.626475272382528,26.626475272382528,26.626475272382528,26.626475272382528,26.626475272382528,26.626475272382528,26.626475272382528,26.626475272382528,26.626475272382528,26.626475272382528,26.626475272382528,26.626475272382528,26.626475272382528,26.626475272382528,26.626475272382528,26.626475272382528,26.626475272382528,26.626475272382528,26.626475272382528,26.626475272382528,26.626475272382528,26.626475272382528,26.626475272382528,26.737344664997845,26.737344664997845,26.737344664997845,26.997673760067865,26.997673760067865,26.997673760067865,26.997673760067865,26.997673760067865,26.997673760067865,26.997673760067865,26.997673760067865,26.997673760067865,26.997673760067865,26.997673760067865,26.997673760067865,26.997673760067865,26.997673760067865,26.997673760067865,26.997673760067865,26.997673760067865,26.997673760067865,27.258002855137885,27.258002855137885,27.258002855137885,27.258002855137885,27.258002855137885,27.258002855137885,27.258002855137885,27.258002855137885,27.258002855137885,27.258002855137885,27.258002855137885,27.258002855137885,27.258002855137885,27.258002855137885,27.258002855137885,27.258002855137885,27.258002855137885,27.258002855137885,27.258002855137885,27.258002855137885,27.258002855137885,27.258002855137885,27.258002855137885,27.258002855137885,27.258002855137885,27.258002855137885,27.258002855137885,27.258002855137885,27.258002855137885,27.258002855137885,27.258002855137885,27.258002855137885,27.21347520545789,27.21347520545789,27.21347520545789,27.21347520545789,27.21347520545789,27.21347520545789,27.21347520545789,27.21347520545789,27.21347520545789,27.168947555777894,27.168947555777894,27.168947555777894,27.168947555777894,27.168947555777894,27.168947555777894,27.168947555777894,27.168947555777894,27.168947555777894,27.168947555777894,27.168947555777894,27.168947555777894,27.168947555777894,27.168947555777894,27.168947555777894,27.168947555777894,27.168947555777894,27.168947555777894,27.168947555777894,27.168947555777894,27.168947555777894,27.168947555777894,27.168947555777894,27.168947555777894,27.560537883875153,27.560537883875153,27.560537883875153,27.560537883875153,27.560537883875153,27.560537883875153,27.560537883875153,27.560537883875153,27.560537883875153,27.560537883875153,27.560537883875153,27.560537883875153,27.560537883875153,27.560537883875153,27.560537883875153,27.560537883875153,27.560537883875153,27.560537883875153,27.560537883875153,27.560537883875153,27.560537883875153,27.560537883875153,27.560537883875153,27.560537883875153,27.560537883875153,28.026177639414392,28.026177639414392,28.026177639414392,28.026177639414392,28.026177639414392,28.026177639414392,28.026177639414392,28.026177639414392,28.026177639414392,28.026177639414392,28.026177639414392,28.026177639414392,28.026177639414392,28.026177639414392,28.026177639414392,28.026177639414392,28.026177639414392,28.026177639414392,28.026177639414392,28.026177639414392,28.026177639414392,28.026177639414392,28.026177639414392,28.026177639414392,28.026177639414392,28.026177639414392,28.026177639414392,28.026177639414392,28.026177639414392,28.136147297384834,28.136147297384834,28.136147297384834,28.136147297384834,28.136147297384834,28.136147297384834,28.136147297384834,28.136147297384834,28.136147297384834,28.136147297384834,28.136147297384834,28.136147297384834,28.136147297384834,28.255469488458143,28.255469488458143,28.255469488458143,28.255469488458143,28.255469488458143,28.255469488458143,28.255469488458143,28.255469488458143,28.255469488458143,28.255469488458143,28.255469488458143,28.255469488458143,28.255469488458143,28.365439146428585,28.365439146428585,28.365439146428585,28.365439146428585,28.365439146428585,28.365439146428585,28.365439146428585,28.365439146428585,28.365439146428585,28.365439146428585,28.365439146428585,28.365439146428585,28.365439146428585,28.365439146428585,28.365439146428585,28.365439146428585
0.8931528424953414,1.7863056849906829,2.679458527486024,3.5726113699813657,4.465764212476707,5.358917054972049,6.252069897467391,7.386334640982373,8.279487483477714,9.172640325973056,10.065793168468398,10.95894601096374,11.852098853459081,12.745251695954423,13.638404538449764,13.581783546952838,13.822895447972478,13.822895447972478,13.822895447972478,13.822895447972478,13.822895447972478,13.822895447972478,13.822895447972478,13.822895447972478,13.822895447972478,13.822895447972478,14.811575641822095,14.811575641822095,15.054273520969716,15.296971400117336,15.296971400117336,15.296971400117336,15.296971400117336,15.296971400117336,15.539669279264956,15.782367158412576,15.782367158412576,16.025065037560196,16.025065037560196,16.266176938579836,16.507288839599475,16.507288839599475,16.507288839599475,16.507288839599475,16.507288839599475,16.507288839599475,16.507288839599475,16.507288839599475,16.748400740619115,16.748400740619115,16.748400740619115,16.748400740619115,16.748400740619115,16.748400740619115,16.748400740619115,16.989512641638754,16.989512641638754,16.989512641638754,16.989512641638754,17.230624542658393,17.230624542658393,17.230624542658393,17.471736443678033,17.471736443678033,17.471736443678033,17.471736443678033,17.471736443678033,17.471736443678033,17.471736443678033,17.471736443678033,17.471736443678033,17.471736443678033,17.471736443678033,17.712848344697672,17.712848344697672,17.712848344697672,17.712848344697672,17.95396024571731,17.95396024571731,17.95396024571731,17.95396024571731,17.95396024571731,17.95396024571731,18.091195251267465,18.091195251267465,18.091195251267465,18.091195251267465,18.091195251267465,18.091195251267465,18.091195251267465,18.091195251267465,18.091195251267465,18.091195251267465,18.091195251267465,18.091195251267465,18.068656252507473,18.068656252507473,18.068656252507473,18.068656252507473,18.068656252507473,18.068656252507473,18.068656252507473,18.068656252507473,18.068656252507473,18.068656252507473,18.068656252507473,18.068656252507473,18.068656252507473,18.068656252507473,18.068656252507473,18.068656252507473,18.068656252507473,18.068656252507473,18.068656252507473,18.068656252507473,18.068656252507473,18.068656252507473,18.068656252507473,18.068656252507473,18.068656252507473,18.068656252507473,18.068656252507473,18.068656252507473,18.068656252507473,18.068656252507473,18.068656252507473,18.068656252507473,18.012201826587496,18.012201826587496,18.012201826587496,18.012201826587496,18.012201826587496,18.012201826587496,18.012201826587496,18.012201826587496,18.012201826587496,18.012201826587496,18.012201826587496,18.012201826587496,18.012201826587496,18.012201826587496,18.012201826587496,18.012201826587496,18.012201826587496,18.012201826587496,18.413178491724718,18.413178491724718,18.413178491724718,18.413178491724718,18.413178491724718,18.390639492964723,18.390639492964723,18.390639492964723,18.390639492964723,18.390639492964723,18.390639492964723,18.390639492964723,18.390639492964723,18.390639492964723,18.390639492964723,18.390639492964723,18.390639492964723,18.390639492964723,18.390639492964723,18.390639492964723,18.390639492964723,18.390639492964723,18.390639492964723,18.390639492964723,18.390639492964723,18.390639492964723,18.390639492964723,18.390639492964723,18.390639492964723,18.390639492964723,18.390639492964723,18.390639492964723,18.390639492964723,18.390639492964723,18.390639492964723,18.390639492964723,18.390639492964723,18.390639492964723,18.390639492964723,18.390639492964723,18.390639492964723,18.390639492964723,18.390639492964723,18.390639492964723,18.390639492964723,18.390639492964723,18.390639492964723,18.390639492964723,18.390639492964723,18.390639492964723,18.390639492964723,18.390639492964723,18.390639492964723,18.390639492964723,18.390639492964723,18.390639492964723,18.390639492964723,18.390639492964723,18.390639492964723,18.390639492964723,18.390639492964723,18.390639492964723,18.390639492964723,18.390639492964723,18.390639492964723,18.390639492964723,18.390639492964723,18.390639492964723,18.527874498514876,18.527874498514876,18.527874498514876,18.527874498514876,18.527874498514876,18.527874498514876,18.527874498514876,18.527874498514876,18.527874498514876,18.928851163652098,18.928851163652098,18.928851163652098,18.928851163652098,18.928851163652098,18.928851163652098,18.928851163652098,18.928851163652098,18.928851163652098,18.928851163652098,18.928851163652098,18.928851163652098,18.928851163652098,18.928851163652098,18.928851163652098,18.928851163652098,18.928851163652098,18.928851163652098,18.928851163652098,18.928851163652098,18.928851163652098,18.928851163652098,18.928851163652098,18.928851163652098,18.928851163652098,18.928851163652098,18.928851163652098,18.928851163652098,18.928851163652098,18.928851163652098,18.928851163652098,18.928851163652098,18.928851163652098,18.928851163652098,18.928851163652098,18.928851163652098,18.928851163652098,18.928851163652098,18.928851163652098,18.928851163652098,18.928851163652098,18.928851163652098,18.928851163652098,18.928851163652098,18.928851163652098,18.928851163652098,18.928851163652098,18.928851163652098,18.928851163652098,18.928851163652098,18.928851163652098,18.928851163652098,18.928851163652098,18.928851163652098,18.928851163652098,18.928851163652098,18.928851163652098,18.928851163652098,18.928851163652098,18.928851163652098,18.928851163652098,18.928851163652098,18.928851163652098,18.928851163652098,18.928851163652098,18.928851163652098,18.928851163652098,19.171549042799718,19.171549042799718,19.171549042799718,19.171549042799718,19.171549042799718,19.171549042799718,19.171549042799718,19.171549042799718,19.171549042799718,19.171549042799718,19.171549042799718
0.8973029258683802,1.7946058517367605,2.691908777605141,3.589211703473521,4.486514629341901,5.383817555210281,6.281120481078661,7.178423406947041,8.075726332815421,8.973029258683802,9.870332184552183,10.767635110420564,11.664938036288945,12.562240962157325,13.459543888025706,14.356846813894087,15.254149739762468,16.15145266563085,17.04875559149923,17.94605851736761,18.84336144323599,19.740664369104373,20.637967294972754,21.765911657226642,22.663214583095023,23.560517508963404,24.457820434831785,25.355123360700166,26.252426286568546,27.149729212436927,28.277673574690816,29.174976500559197,30.072279426427578,30.96958235229596,31.86688527816434,32.994829640418224,33.892132566286605,34.789435492154986,35.68673841802337,36.58404134389175,36.59131736698842,36.59131736698842,36.59131736698842,36.59131736698842,36.59131736698842,36.59131736698842,36.59131736698842,36.59131736698842,37.58463935859564,37.58463935859564,37.82619565557924,38.067751952562844,38.067751952562844,38.067751952562844,38.067751952562844,38.067751952562844,38.067751952562844,38.067751952562844,38.298393388948355,38.298393388948355,38.298393388948355,38.53994968593196,38.53994968593196,38.53994968593196,38.53994968593196,38.53994968593196,38.53994968593196,38.77059112231747,39.09594981632917,39.09594981632917,39.09594981632917,39.09594981632917,39.32659125271468,39.32659125271468,39.32659125271468,39.32659125271468,39.32659125271468,39.15069590691523,39.15069590691523,39.15069590691523,39.15069590691523,39.15069590691523,39.15069590691523,39.15069590691523,39.15069590691523,39.15069590691523,39.15069590691523,39.15069590691523,39.15069590691523,39.15069590691523,39.15069590691523,39.15069590691523,39.15069590691523,39.15069590691523,39.15069590691523,39.15069590691523,39.15069590691523,39.15069590691523,39.15069590691523,39.198757265818095,39.198757265818095,39.198757265818095,39.198757265818095,39.198757265818095,39.198757265818095,39.198757265818095,39.198757265818095,39.198757265818095,39.198757265818095,39.198757265818095,39.198757265818095,39.198757265818095,39.4403135628017,39.6818698597853,39.923426156768905,39.923426156768905,39.923426156768905,39.923426156768905,39.923426156768905,39.923426156768905,39.923426156768905,39.923426156768905,39.923426156768905,39.923426156768905,39.923426156768905,39.923426156768905,39.923426156768905,39.923426156768905,39.923426156768905,39.923426156768905,39.923426156768905,39.923426156768905,39.923426156768905,40.154067593154416,40.154067593154416,40.154067593154416,40.11522184910988,40.11522184910988,40.11522184910988,40.11522184910988,40.11522184910988,40.11522184910988,40.11522184910988,40.11522184910988,40.11522184910988,40.34586328549539,40.35313930859206,40.35313930859206,40.35313930859206,40.35313930859206,40.35313930859206,40.35313930859206,40.35313930859206,40.67849800260376,40.67849800260376,40.67849800260376,40.67849800260376,40.90913943898927,40.90913943898927,41.293256817325116,41.293256817325116,41.293256817325116,41.52389825371063,41.52389825371063,41.52389825371063,41.52389825371063,41.52389825371063,41.52389825371063,41.52389825371063,41.52389825371063,41.48956912398564,41.48956912398564,41.48956912398564,41.48956912398564,41.48956912398564,41.48956912398564,41.48956912398564,41.48956912398564,41.48956912398564,41.48956912398564,41.48956912398564,41.48956912398564,41.48956912398564,41.48956912398564,41.48956912398564,41.48956912398564,41.48956912398564,41.48956912398564,41.48956912398564,41.48956912398564,41.48956912398564,41.48956912398564,41.48956912398564,41.48956912398564,41.48956912398564,41.48956912398564,41.48956912398564,41.48956912398564,41.48956912398564,41.48956912398564,41.48956912398564,41.69336141533105,41.93491771231465,41.93491771231465,41.93491771231465,41.93491771231465,41.93491771231465,42.17647400929825,42.17647400929825,42.17647400929825,42.17647400929825,42.17647400929825,42.17647400929825,42.17647400929825,42.17647400929825,42.17647400929825,42.17647400929825,42.17647400929825,42.17647400929825,42.17647400929825,42.17647400929825,42.17647400929825,42.17647400929825,42.17647400929825,42.17647400929825,42.17647400929825,42.17647400929825,42.17647400929825,42.17647400929825,42.17647400929825,42.17647400929825,42.17647400929825,42.17647400929825,42.17647400929825,42.17647400929825,42.17647400929825,42.17647400929825,42.17647400929825,42.17647400929825,42.17647400929825,42.17647400929825,42.17647400929825,42.17647400929825,42.16431153817328,42.16431153817328,42.16431153817328,42.16431153817328,42.16431153817328,42.16431153817328,42.16431153817328,42.16431153817328,42.16431153817328,42.16431153817328,42.16431153817328,42.16431153817328,42.16431153817328,42.16431153817328,42.16431153817328,42.16431153817328,42.16431153817328,42.16431153817328,42.16431153817328,42.16431153817328,42.16431153817328,42.16431153817328,42.16431153817328,42.16431153817328,42.16431153817328,42.16431153817328,42.16431153817328,42.17158756126995,42.17158756126995,42.17158756126995,42.17158756126995,42.17158756126995,42.17158756126995,42.17158756126995,42.17158756126995,42.17158756126995,42.17158756126995,42.17158756126995,42.17158756126995,42.17158756126995,42.17158756126995,42.17158756126995,42.17158756126995,42.17158756126995,42.17158756126995,42.17158756126995,42.17158756126995,42.17158756126995,42.17158756126995,42.37537985261536,42.37537985261536,42.37537985261536,42.37537985261536,42.37537985261536,42.37537985261536,42.37537985261536,42.37537985261536
0.854612505983152,1.709225011966304,2.563837517949456,3.418450023932608,4.27306252991576,5.127675035898911,5.982287541882063,6.836900047865215,7.691512553848367,7.703389789026374,7.703389789026374,7.703389789026374,7.703389789026374,7.703389789026374,7.703389789026374,7.703389789026374,7.703389789026374,7.703389789026374,8.648963271150237,8.648963271150237,8.799463202262224,8.799463202262224,8.799463202262224,9.052762545718599,9.306061889174973,9.306061889174973,9.306061889174973,9.306061889174973,9.659536897930913,9.659536897930913,9.659536897930913,9.659536897930913,9.659536897930913,9.912836241387287,9.912836241387287,9.912836241387287,9.912836241387287,9.912836241387287,9.912836241387287,9.912836241387287,9.912836241387287,9.912836241387287,9.912836241387287,9.912836241387287,10.234066283668522,10.234066283668522,10.234066283668522,10.234066283668522,10.234066283668522,10.234066283668522,10.234066283668522,10.234066283668522,10.516850415700654,10.516850415700654,10.516850415700654,10.516850415700654,10.516850415700654,10.516850415700654,10.516850415700654,10.516850415700654,10.516850415700654,10.516850415700654,10.516850415700654,10.516850415700654,10.516850415700654,10.516850415700654,10.799634547732786,10.799634547732786,11.082418679764919,11.082418679764919,11.082418679764919,11.082418679764919,11.082418679764919,11.082418679764919,11.082418679764919,11.082418679764919,11.082418679764919,11.082418679764919,11.082418679764919,11.082418679764919,11.082418679764919,11.082418679764919,11.082418679764919,11.082418679764919,11.082418679764919,11.082418679764919,11.082418679764919,11.082418679764919,11.082418679764919,11.082418679764919,11.082418679764919,11.082418679764919,11.082418679764919,11.082418679764919,11.082418679764919,11.082418679764919,11.082418679764919,11.082418679764919,11.335718023221293,11.589017366677668,11.589017366677668,11.589017366677668,11.589017366677668,11.589017366677668,11.589017366677668,11.589017366677668,11.589017366677668,11.589017366677668,11.589017366677668,11.589017366677668,11.589017366677668,11.589017366677668,11.589017366677668,11.589017366677668,11.589017366677668,11.589017366677668,11.589017366677668,11.589017366677668,11.589017366677668,11.589017366677668,11.589017366677668,11.589017366677668,11.589017366677668,11.589017366677668,11.589017366677668,11.589017366677668,11.589017366677668,11.942492375433606,11.942492375433606,11.942492375433606,11.942492375433606,11.942492375433606,11.942492375433606,11.942492375433606,11.942492375433606,11.942492375433606,12.295967384189545,12.295967384189545,12.295967384189545,12.295967384189545,12.295967384189545,12.295967384189545,12.295967384189545,12.295967384189545,12.295967384189545,12.295967384189545,12.295967384189545,12.295967384189545,12.295967384189545,12.295967384189545,12.295967384189545,12.295967384189545,12.295967384189545,12.295967384189545,12.295967384189545,12.295967384189545,12.295967384189545,12.295967384189545,12.295967384189545,12.295967384189545,12.295967384189545,12.295967384189545,12.295967384189545,12.295967384189545,12.295967384189545,12.295967384189545,12.295967384189545,12.295967384189545,12.295967384189545,12.295967384189545,12.295967384189545,12.295967384189545,12.295967384189545,12.295967384189545,12.295967384189545,12.295967384189545,12.295967384189545,12.295967384189545,12.295967384189545,12.54926672764592,12.54926672764592,12.54926672764592,12.54926672764592,12.54926672764592,12.54926672764592,12.54926672764592,12.54926672764592,12.54926672764592,12.54926672764592,12.54926672764592,12.54926672764592,12.902741736401858,12.902741736401858,12.902741736401858,12.902741736401858,12.902741736401858,12.902741736401858,12.902741736401858,12.902741736401858,12.902741736401858,12.902741736401858,12.902741736401858,12.902741736401858,12.902741736401858,12.902741736401858,12.902741736401858,12.902741736401858,12.902741736401858,12.902741736401858,12.902741736401858,12.902741736401858,12.902741736401858,12.902741736401858,12.902741736401858,12.902741736401858,12.902741736401858,12.902741736401858,12.902741736401858,12.902741736401858,12.902741736401858,12.902741736401858,12.902741736401858,12.902741736401858,12.902741736401858,12.902741736401858,12.902741736401858,12.902741736401858,12.902741736401858,12.902741736401858,12.902741736401858,12.902741736401858,12.902741736401858,12.902741736401858,12.902741736401858,12.902741736401858,12.902741736401858,12.902741736401858,12.902741736401858,12.902741736401858,12.902741736401858,12.902741736401858,12.902741736401858,12.902741736401858,12.902741736401858,12.902741736401858,12.902741736401858,12.902741736401858,12.902741736401858,12.902741736401858,12.902741736401858,12.902741736401858,12.902741736401858,12.902741736401858,12.902741736401858,12.902741736401858,12.902741736401858,12.902741736401858,12.902741736401858,12.902741736401858,12.902741736401858,12.902741736401858,12.902741736401858,12.902741736401858,13.256216745157797,13.256216745157797,13.256216745157797,13.256216745157797,13.256216745157797,13.256216745157797,13.256216745157797,13.256216745157797,13.256216745157797,13.256216745157797,13.256216745157797,13.256216745157797,13.256216745157797,13.256216745157797,13.256216745157797,13.256216745157797,13.256216745157797,13.256216745157797,13.256216745157797,13.256216745157797,13.256216745157797,13.256216745157797,13.256216745157797,13.609691753913737,13.609691753913737,13.609691753913737,13.609691753913737,13.609691753913737,13.609691753913737,13.609691753913737,13.963166762669676,13.963166762669676,13.963166762669676,13.963166762669676,13.963166762669676,13.963166762669676,13.963166762669676
0.8425484982499583,2.129276039556421,2.9718245378063797,3.814373036056338,4.656921534306297,5.499470032556255,6.342018530806214,7.184567029056172,8.02711552730613,9.292916783697144,10.579644325003608,11.422192823253566,12.264741321503523,13.10728981975348,13.949838318003438,14.792386816253396,15.634935314503354,16.477483812753313,17.32003231100327,18.162580809253228,19.005129307503186,19.847677805753143,20.6902263040031,21.53277480225306,22.375323300503016,23.217871798752974,24.06042029700293,25.347147838309393,26.18969633655935,27.03224483480931,27.874793333059266,28.03011711655324,28.03011711655324,28.03011711655324,28.03011711655324,28.03011711655324,28.03011711655324,28.03011711655324,28.03011711655324,28.03011711655324,28.03011711655324,28.03011711655324,28.03011711655324,28.03011711655324,28.03011711655324,28.962197210952073,29.21881505546418,29.21881505546418,29.21881505546418,29.687801053303875,29.687801053303875,29.687801053303875,29.687801053303875,29.687801053303875,29.687801053303875,29.687801053303875,29.687801053303875,29.687801053303875,29.687801053303875,29.687801053303875,29.687801053303875,29.687801053303875,29.687801053303875,30.15678705114357,30.15678705114357,30.15678705114357,30.15678705114357,30.15678705114357,30.15678705114357,30.15678705114357,30.15678705114357,30.15678705114357,30.15678705114357,30.15678705114357,30.15678705114357,30.15678705114357,30.15678705114357,30.15678705114357,30.15678705114357,30.15678705114357,30.15678705114357,30.15678705114357,30.413404895655678,30.413404895655678,30.413404895655678,30.413404895655678,30.413404895655678,30.413404895655678,30.413404895655678,30.413404895655678,30.413404895655678,30.413404895655678,30.85758393871218,30.85758393871218,30.85758393871218,30.85758393871218,30.85758393871218,30.85758393871218,30.85758393871218,30.85758393871218,30.85758393871218,30.85758393871218,30.85758393871218,30.85758393871218,30.85758393871218,30.85758393871218,30.85758393871218,30.85758393871218,30.85758393871218,30.85758393871218,30.85758393871218,30.85758393871218,30.85758393871218,30.85758393871218,30.85758393871218,31.301762981768686,31.301762981768686,31.301762981768686,31.301762981768686,31.301762981768686,31.301762981768686,31.301762981768686,31.301762981768686,31.301762981768686,31.301762981768686,31.301762981768686,31.301762981768686,31.301762981768686,31.301762981768686,31.301762981768686,31.301762981768686,31.301762981768686,31.301762981768686,31.301762981768686,31.301762981768686,31.301762981768686,31.301762981768686,31.301762981768686,31.301762981768686,31.301762981768686,31.301762981768686,31.301762981768686,31.301762981768686,31.301762981768686,31.301762981768686,31.301762981768686,31.301762981768686,31.301762981768686,31.301762981768686,31.301762981768686,31.301762981768686,31.301762981768686,31.301762981768686,31.301762981768686,31.301762981768686,31.301762981768686,31.301762981768686,31.301762981768686,31.301762981768686,31.301762981768686,31.301762981768686,31.301762981768686,31.301762981768686,31.301762981768686,31.301762981768686,31.301762981768686,31.301762981768686,31.301762981768686,31.301762981768686,31.301762981768686,31.301762981768686,31.301762981768686,31.301762981768686,31.301762981768686,31.301762981768686,31.301762981768686,31.301762981768686,31.301762981768686,31.301762981768686,31.301762981768686,31.301762981768686,31.301762981768686,31.301762981768686,31.74594202482519,31.74594202482519,31.74594202482519,32.1901210678817,32.1901210678817,32.1901210678817,32.1901210678817,32.1901210678817,32.1901210678817,32.1901210678817,32.1901210678817,32.1901210678817,32.1901210678817,32.1901210678817,32.1901210678817,32.41673923048501,32.860918273541515,32.860918273541515,32.860918273541515,32.860918273541515,32.860918273541515,32.860918273541515,32.860918273541515,32.860918273541515,32.860918273541515,32.860918273541515,32.860918273541515,32.860918273541515,32.860918273541515,32.860918273541515,32.860918273541515,32.860918273541515,32.860918273541515,32.860918273541515,32.860918273541515,32.860918273541515,32.860918273541515,32.860918273541515,32.860918273541515,32.860918273541515,33.11753611805362,33.11753611805362,33.11753611805362,33.11753611805362,33.11753611805362,33.11753611805362,33.11753611805362,33.11753611805362,33.11753611805362,33.11753611805362,33.11753611805362,33.11753611805362,33.11753611805362,33.11753611805362,33.11753611805362,33.11753611805362,33.11753611805362,33.11753611805362,33.11753611805362,33.11753611805362,33.11753611805362,33.11753611805362,33.11753611805362,33.11753611805362,33.11753611805362,33.11753611805362,33.11753611805362,33.11753611805362,33.11753611805362,33.11753611805362,33.11753611805362,33.11753611805362,33.11753611805362,33.11753611805362,33.11753611805362,33.11753611805362,33.11753611805362,33.11753611805362,33.11753611805362,33.11753611805362,33.11753611805362,33.11753611805362,33.2728599015476,33.2728599015476,33.2728599015476,33.2728599015476,33.2728599015476,33.46591182392274,33.46591182392274,33.46591182392274,33.46591182392274,33.46591182392274,33.46591182392274,33.46591182392274,33.46591182392274,33.46591182392274,33.46591182392274,33.46591182392274,33.46591182392274,33.256927432873795,33.256927432873795,33.256927432873795,33.256927432873795,33.256927432873795,33.256927432873795,33.256927432873795,33.256927432873795,33.7011064759303,33.7011064759303,33.7011064759303,33.7011064759303,33.7011064759303,33.7011064759303,33.7011064759303,33.7011064759303,33.7011064759303,33.7011064759303
0.8608063283703309,1.7216126567406618,2.5824189851109924,3.4432253134813235,4.686034112657744,5.546840441028075,6.407646769398406,7.268453097768737,8.129259426139068,8.990065754509398,10.232874553685818,11.093680882056148,11.954487210426478,12.815293538796809,14.058102337973228,14.918908666343558,15.779714994713888,16.64052132308422,17.50132765145455,18.36213397982488,19.22294030819521,20.46574910737163,21.708557906548048,22.56936423491838,23.43017056328871,24.29097689165904,25.15178322002937,26.0125895483997,26.87339587677003,27.73420220514036,28.59500853351069,29.45581486188102,30.69862366105744,31.55942998942777,32.4202363177981,33.28104264616843,34.14184897453876,35.38465777371518,36.24546410208551,37.48827290126194,38.34907922963227,39.2098855580026,40.07069188637293,41.31350068554935,42.55630948472577,43.4171158130961,44.27792214146643,45.138728469836764,45.999534798207094,46.860341126577424,47.721147454947754,48.581953783318085,49.442760111688415,50.303566440058745,51.164372768429075,52.025179096799405,52.885985425169736,53.746791753540066,54.607598081910396,55.468404410280726,56.32921073865106,57.19001706702139,58.05082339539172,58.91162972376205,59.77243605213238,60.63324238050271,61.49404870887304,62.35485503724337,63.2156613656137,64.07646769398403,64.93727402235436,64.55527155154827,64.55527155154827,64.55527155154827,64.55527155154827,64.55527155154827,64.55527155154827,64.55527155154827,64.55527155154827,64.55527155154827,65.5077727188012,65.75936829957892,65.75936829957892,65.75936829957892,65.75936829957892,65.75936829957892,65.75936829957892,65.75936829957892,65.75936829957892,65.75936829957892,66.01096388035664,66.01096388035664,66.01096388035664,66.01096388035664,66.01096388035664,66.01096388035664,66.01096388035664,66.01096388035664,66.01096388035664,66.01096388035664,66.01096388035664,66.01096388035664,66.42281704615502,66.42281704615502,66.42281704615502,66.42281704615502,66.67441262693274,66.67441262693274,66.67441262693274,66.67441262693274,66.67441262693274,66.67441262693274,66.67441262693274,66.67441262693274,66.67441262693274,66.67441262693274,66.67441262693274,66.67441262693274,66.67441262693274,66.67441262693274,66.67441262693274,66.67441262693274,66.67441262693274,66.67441262693274,66.67441262693274,66.67441262693274,66.67441262693274,66.67441262693274,66.67441262693274,66.67441262693274,66.67441262693274,66.67441262693274,66.67441262693274,66.67441262693274,66.67441262693274,66.67441262693274,66.67441262693274,66.67441262693274,66.67441262693274,66.67441262693274,66.67441262693274,66.67441262693274,66.67441262693274,66.67441262693274,66.67441262693274,66.67441262693274,66.67441262693274,66.67441262693274,66.67441262693274,66.67441262693274,66.67441262693274,66.67441262693274,66.67441262693274,66.67441262693274,66.67441262693274,66.67441262693274,66.67441262693274,66.67441262693274,66.92600820771045,66.92600820771045,66.92600820771045,66.92600820771045,66.92600820771045,66.92600820771045,66.92600820771045,66.92600820771045,66.92600820771045,66.92600820771045,66.92600820771045,66.92600820771045,66.92600820771045,66.92600820771045,66.92600820771045,66.92600820771045,66.92600820771045,66.92600820771045,66.92600820771045,66.92600820771045,66.92600820771045,66.92600820771045,66.92600820771045,66.92600820771045,66.92600820771045,66.92600820771045,66.92600820771045,66.92600820771045,66.92600820771045,66.92600820771045,66.92600820771045,66.92600820771045,66.92600820771045,66.92600820771045,66.92600820771045,66.92600820771045,66.92600820771045,66.92600820771045,66.92600820771045,66.92600820771045,66.92600820771045,66.92600820771045,66.92600820771045,66.92600820771045,66.92600820771045,66.92600820771045,66.92600820771045,66.92600820771045,66.92600820771045,66.92600820771045,66.92600820771045,66.92600820771045,66.92600820771045,66.92600820771045,66.92600820771045,66.92600820771045,66.92600820771045,66.92600820771045,66.92600820771045,66.92600820771045,66.92600820771045,66.92600820771045,67.17760378848817,67.17760378848817,67.17760378848817,67.17760378848817,67.17760378848817,67.17760378848817,67.17760378848817,67.17760378848817,67.88226140142095,67.88226140142095,67.88226140142095,67.88226140142095,67.88226140142095,67.88226140142095,67.88226140142095,67.88226140142095,67.88226140142095,67.88226140142095,67.88226140142095,67.88226140142095,67.88226140142095,67.88226140142095,67.88226140142095,67.88226140142095,67.88226140142095,67.88226140142095,67.88226140142095,67.88226140142095,67.88226140142095,67.88226140142095,67.88226140142095,67.88226140142095,67.88226140142095,67.88226140142095,67.88226140142095,67.88226140142095,67.88226140142095,67.88226140142095,67.88226140142095,67.88226140142095,67.88226140142095,67.88226140142095,67.88226140142095,67.88226140142095,67.88226140142095,67.88226140142095,67.88226140142095,67.88226140142095,67.88226140142095,67.88226140142095,67.88226140142095,67.88226140142095,67.88226140142095,67.88226140142095,67.88226140142095,67.88226140142095,67.88226140142095,67.88226140142095,67.88226140142095,67.88226140142095,67.88226140142095,67.88226140142095,67.88226140142095,67.88226140142095,67.88226140142095,67.88226140142095,67.88226140142095,67.88226140142095,67.88226140142095,67.88226140142095,67.88226140142095,67.88226140142095,67.88226140142095,67.88226140142095,67.88226140142095,67.88226140142095,67.88226140142095,67.88226140142095,67.88226140142095,67.88226140142095
1.1830630935789475,2.366126187157895,3.5491892807368424,4.73225237431579,5.630752185588653,6.529251996861516,7.42775180813438,8.610814901713328,9.50931471298619,10.692377806565139,11.590877617838002,12.77394071141695,13.672440522689813,14.855503616268761,15.754003427541624,16.65250323881449,17.835566332393437,18.7340661436663,19.91712923724525,20.81562904851811,21.714128859790975,22.61262867106384,23.5111284823367,24.409628293609565,25.308128104882428,26.20662791615529,27.105127727428155,28.003627538701018,28.90212734997388,29.800627161246744,30.699126972519608,31.59762678379247,32.496126595065334,33.3946264063382,33.25369115089297,33.25369115089297,33.25369115089297,33.25369115089297,33.25369115089297,33.25369115089297,34.24835183849428,34.24835183849428,34.48957890280776,34.730805967121235,34.97203303143471,35.21326009574819,35.21326009574819,35.21326009574819,35.21326009574819,35.21326009574819,35.21326009574819,35.21326009574819,35.21326009574819,35.21326009574819,35.21326009574819,35.21326009574819,35.21326009574819,35.21326009574819,35.21326009574819,35.21326009574819,35.21326009574819,35.21326009574819,35.45448716006167,35.45448716006167,35.45448716006167,35.45448716006167,35.45448716006167,35.45448716006167,35.45448716006167,35.45448716006167,35.45448716006167,35.45448716006167,35.45448716006167,35.45448716006167,35.45448716006167,35.45448716006167,35.45448716006167,35.45448716006167,35.45448716006167,35.45448716006167,35.45448716006167,35.38267834250111,35.38267834250111,35.38267834250111,35.38267834250111,35.38267834250111,35.38267834250111,35.38267834250111,35.38267834250111,35.38267834250111,35.38267834250111,35.38267834250111,35.38267834250111,35.38267834250111,35.38267834250111,35.31086952494055,35.31086952494055,35.31086952494055,35.31086952494055,35.31086952494055,35.31086952494055,35.31086952494055,35.31086952494055,35.31086952494055,35.31086952494055,35.31086952494055,35.31086952494055,35.31086952494055,35.31086952494055,35.31086952494055,35.31086952494055,35.31086952494055,35.31086952494055,35.31086952494055,35.31086952494055,35.31086952494055,35.31086952494055,35.31086952494055,35.31086952494055,35.31086952494055,35.31086952494055,35.31086952494055,35.31086952494055,35.31086952494055,35.31086952494055,35.31086952494055,35.31086952494055,35.31086952494055,35.31086952494055,35.31086952494055,35.31086952494055,35.31086952494055,35.31086952494055,35.31086952494055,35.31086952494055,35.31086952494055,35.31086952494055,35.31086952494055,35.55209658925403,35.55209658925403,35.55209658925403,35.55209658925403,35.55209658925403,35.55209658925403,35.55209658925403,35.55209658925403,35.55209658925403,35.55209658925403,35.55209658925403,35.793323653567505,35.793323653567505,35.793323653567505,35.793323653567505,35.793323653567505,35.793323653567505,35.793323653567505,35.793323653567505,35.793323653567505,35.793323653567505,35.793323653567505,35.793323653567505,35.793323653567505,35.793323653567505,35.793323653567505,35.793323653567505,35.793323653567505,35.793323653567505,35.793323653567505,35.793323653567505,35.793323653567505,35.793323653567505,35.793323653567505,35.793323653567505,35.793323653567505,35.793323653567505,35.793323653567505,35.793323653567505,35.793323653567505,35.793323653567505,35.793323653567505,35.793323653567505,35.793323653567505,35.793323653567505,35.793323653567505,35.793323653567505,35.75730895072468,35.75730895072468,35.75730895072468,35.75730895072468,35.75730895072468,35.75730895072468,35.75730895072468,35.75730895072468,35.75730895072468,35.75730895072468,35.75730895072468,35.75730895072468,35.75730895072468,35.75730895072468,35.75730895072468,35.75730895072468,35.75730895072468,35.75730895072468,35.75730895072468,35.75730895072468,35.75730895072468,36.33143757301812,36.33143757301812,36.33143757301812,36.33143757301812,36.33143757301812,36.33143757301812,36.33143757301812,36.33143757301812,36.33143757301812,36.33143757301812,36.33143757301812,36.33143757301812,36.33143757301812,36.33143757301812,36.33143757301812,36.33143757301812,36.33143757301812,36.33143757301812,36.33143757301812,36.33143757301812,36.33143757301812,36.33143757301812,36.33143757301812,36.33143757301812,36.33143757301812,36.33143757301812,36.33143757301812,36.33143757301812,36.33143757301812,36.33143757301812,36.33143757301812,36.33143757301812,36.33143757301812,36.33143757301812,36.33143757301812,36.33143757301812,36.33143757301812,36.33143757301812,36.33143757301812,36.33143757301812,36.33143757301812,36.33143757301812,36.33143757301812,36.33143757301812,36.33143757301812,36.33143757301812,36.33143757301812,36.33143757301812,37.07287835194391,37.07287835194391,37.07287835194391,37.07287835194391,37.07287835194391,37.07287835194391,37.07287835194391,37.07287835194391,37.07287835194391,37.07287835194391,37.07287835194391,37.07287835194391,37.07287835194391,37.07287835194391,37.07287835194391,37.07287835194391,37.07287835194391,37.07287835194391,37.07287835194391,37.07287835194391,37.07287835194391,37.07287835194391,37.07287835194391,37.07287835194391,37.07287835194391,37.07287835194391,37.07287835194391,37.07287835194391,37.001069534383355,37.001069534383355,37.001069534383355,37.001069534383355,37.001069534383355,37.001069534383355,37.001069534383355,37.001069534383355,37.001069534383355,37.001069534383355,37.001069534383355,37.001069534383355,37.001069534383355,37.001069534383355,37.001069534383355,37.001069534383355,37.001069534383355,37.001069534383355
0.8707758297406767,1.7415516594813534,1.5653377989738537,1.5653377989738537,1.5653377989738537,1.5653377989738537,1.5653377989738537,1.5653377989738537,1.5653377989738537,1.5653377989738537,2.5289896841631725,2.5289896841631725,2.789346051277641,3.038199276318,3.2870525013583594,3.5359057263987186,3.5359057263987186,3.796262093513187,3.796262093513187,3.796262093513187,3.796262093513187,4.056618460627655,4.056618460627655,4.056618460627655,4.056618460627655,4.056618460627655,4.056618460627655,4.316974827742124,4.577331194856592,4.837687561971061,4.837687561971061,5.08654078701142,5.08654078701142,5.335394012051779,5.335394012051779,5.335394012051779,5.335394012051779,5.335394012051779,5.335394012051779,5.335394012051779,5.335394012051779,5.335394012051779,5.335394012051779,5.5957503791662475,5.856106746280716,5.856106746280716,6.116463113395184,6.116463113395184,6.116463113395184,6.116463113395184,6.116463113395184,6.116463113395184,6.116463113395184,6.116463113395184,6.116463113395184,6.116463113395184,6.116463113395184,6.116463113395184,6.116463113395184,6.2043085952741155,6.2043085952741155,6.2043085952741155,6.2043085952741155,6.2043085952741155,6.2043085952741155,6.2043085952741155,6.2043085952741155,6.2043085952741155,6.2043085952741155,6.2043085952741155,6.2043085952741155,6.2043085952741155,6.2043085952741155,6.2043085952741155,6.2043085952741155,6.2043085952741155,6.2043085952741155,6.2043085952741155,6.2043085952741155,6.2043085952741155,6.2043085952741155,6.2043085952741155,6.317429948786215,6.317429948786215,6.317429948786215,6.317429948786215,6.317429948786215,6.317429948786215,6.317429948786215,6.317429948786215,6.317429948786215,6.317429948786215,6.317429948786215,6.317429948786215,6.317429948786215,6.317429948786215,6.317429948786215,6.317429948786215,6.317429948786215,6.317429948786215,6.317429948786215,6.317429948786215,6.317429948786215,6.317429948786215,6.317429948786215,6.566283173826574,6.566283173826574,6.566283173826574,6.566283173826574,6.566283173826574,6.566283173826574,6.566283173826574,6.566283173826574,6.566283173826574,6.566283173826574,6.566283173826574,6.566283173826574,6.566283173826574,6.566283173826574,6.566283173826574,6.566283173826574,6.566283173826574,6.566283173826574,6.566283173826574,6.566283173826574,6.566283173826574,6.566283173826574,6.566283173826574,6.566283173826574,6.566283173826574,6.566283173826574,6.566283173826574,6.566283173826574,6.566283173826574,6.566283173826574,6.566283173826574,6.566283173826574,6.566283173826574,6.566283173826574,6.566283173826574,6.566283173826574,6.566283173826574,6.566283173826574,6.566283173826574,6.566283173826574,6.566283173826574,6.566283173826574,6.566283173826574,6.566283173826574,6.689601544125866,6.689601544125866,6.689601544125866,6.689601544125866,6.689601544125866,6.689601544125866,6.689601544125866,6.689601544125866,6.802722897637965,6.802722897637965,6.802722897637965,6.802722897637965,6.802722897637965,6.802722897637965,6.802722897637965,6.802722897637965,6.802722897637965,6.802722897637965,6.802722897637965,6.802722897637965,6.802722897637965,6.802722897637965,6.802722897637965,6.802722897637965,6.802722897637965,6.802722897637965,6.802722897637965,6.802722897637965,6.802722897637965,6.802722897637965,6.802722897637965,6.802722897637965,6.802722897637965,6.802722897637965,6.802722897637965,6.802722897637965,6.802722897637965,6.802722897637965,6.802722897637965,6.802722897637965,6.802722897637965,6.802722897637965,6.926041267937258,6.926041267937258,6.926041267937258,6.926041267937258,6.926041267937258,6.926041267937258,6.926041267937258,6.926041267937258,6.926041267937258,6.926041267937258,6.926041267937258,6.926041267937258,6.926041267937258,6.926041267937258,6.926041267937258,6.926041267937258,6.926041267937258,6.926041267937258,6.926041267937258,6.926041267937258,6.926041267937258,6.926041267937258,6.926041267937258,6.926041267937258,6.926041267937258,6.926041267937258,6.926041267937258,6.926041267937258,6.926041267937258,6.926041267937258,6.926041267937258,6.926041267937258,6.926041267937258,6.926041267937258,6.926041267937258,6.926041267937258,6.926041267937258,6.926041267937258,6.926041267937258,6.926041267937258,6.926041267937258,6.926041267937258,6.926041267937258,6.926041267937258,6.926041267937258,6.926041267937258,6.926041267937258,7.174894492977617,7.423747718017976,7.423747718017976,7.423747718017976,7.423747718017976,7.423747718017976,7.423747718017976,7.423747718017976,7.423747718017976,7.423747718017976,7.423747718017976,7.423747718017976,7.423747718017976,7.423747718017976,7.860741089935221,7.860741089935221,7.860741089935221,7.860741089935221,7.860741089935221,7.860741089935221,7.860741089935221,7.860741089935221,7.860741089935221,7.860741089935221,7.860741089935221,7.860741089935221,7.860741089935221,7.860741089935221,7.860741089935221,7.860741089935221,7.860741089935221,7.860741089935221,7.860741089935221,7.860741089935221,7.860741089935221,7.860741089935221,7.860741089935221,7.860741089935221,7.860741089935221,7.860741089935221,7.860741089935221,7.860741089935221,7.860741089935221,7.860741089935221,7.860741089935221,7.860741089935221,7.860741089935221,7.860741089935221,7.860741089935221,7.860741089935221,7.860741089935221,7.860741089935221,7.860741089935221,7.860741089935221,7.860741089935221,7.860741089935221,7.860741089935221,7.860741089935221,7.860741089935221,7.860741089935221,7.860741089935221,7.860741089935221
1.3074101485491685,2.1452401858515504,2.9830702231539323,3.8209002604563143,4.658730297758696,5.496560335061078,6.33439037236346,7.172220409665842,8.010050446968224,8.847880484270606,9.685710521572988,10.993120670122156,11.830950707424538,12.66878074472692,13.506610782029302,14.344440819331684,15.651850967880852,16.489681005183236,17.327511042485618,18.165341079788,19.003171117090382,19.841001154392764,20.678831191695146,21.516661228997528,22.35449126629991,23.19232130360229,24.030151340904673,24.867981378207055,25.705811415509437,26.54364145281182,27.3814714901142,28.219301527416583,29.057131564718965,28.928561102480618,28.928561102480618,28.928561102480618,29.398141213727406,29.398141213727406,29.398141213727406,29.86772132497419,29.86772132497419,29.86772132497419,29.86772132497419,30.794523900953017,30.794523900953017,31.52201978506062,31.779935557921437,31.779935557921437,31.779935557921437,31.779935557921437,32.50743144202904,32.50743144202904,32.50743144202904,32.50743144202904,32.50743144202904,32.76534721488986,32.76534721488986,32.76534721488986,32.76534721488986,32.76534721488986,33.23492732613664,33.23492732613664,33.23492732613664,33.23492732613664,33.23492732613664,33.49284309899746,33.49284309899746,33.49284309899746,33.49284309899746,33.49284309899746,33.49284309899746,33.49284309899746,33.49284309899746,33.49284309899746,33.49284309899746,33.49284309899746,33.49284309899746,33.49284309899746,33.36427263675911,33.62218840961993,33.62218840961993,33.62218840961993,33.62218840961993,33.62218840961993,33.62218840961993,33.62218840961993,33.62218840961993,33.62218840961993,33.62218840961993,33.62218840961993,33.62218840961993,33.62218840961993,34.091768520866715,34.091768520866715,34.091768520866715,34.81926440497432,34.81926440497432,34.81926440497432,34.81926440497432,35.07718017783514,35.07718017783514,35.07718017783514,35.07718017783514,35.33509595069596,35.33509595069596,35.33509595069596,35.33509595069596,35.33509595069596,35.33509595069596,35.33509595069596,35.33509595069596,35.33509595069596,35.33509595069596,35.33509595069596,35.33509595069596,35.33509595069596,35.33509595069596,35.33509595069596,35.33509595069596,35.33509595069596,35.33509595069596,35.33509595069596,35.33509595069596,35.33509595069596,35.33509595069596,35.33509595069596,35.33509595069596,35.33509595069596,35.33509595069596,35.33509595069596,35.33509595069596,35.33509595069596,35.33509595069596,35.33509595069596,35.33509595069596,35.33509595069596,35.33509595069596,35.33509595069596,35.33509595069596,35.33509595069596,35.33509595069596,35.33509595069596,35.33509595069596,35.33509595069596,35.33509595069596,35.33509595069596,35.33509595069596,35.33509595069596,35.33509595069596,35.33509595069596,35.33509595069596,35.33509595069596,35.33509595069596,35.33509595069596,35.33509595069596,35.59301172355678,35.46444126131843,35.46444126131843,35.46444126131843,35.46444126131843,35.46444126131843,35.46444126131843,35.46444126131843,35.46444126131843,35.46444126131843,35.46444126131843,35.46444126131843,35.46444126131843,35.46444126131843,35.46444126131843,35.46444126131843,35.46444126131843,35.46444126131843,35.46444126131843,35.46444126131843,35.46444126131843,35.46444126131843,35.46444126131843,35.46444126131843,35.46444126131843,35.46444126131843,35.46444126131843,35.46444126131843,35.46444126131843,35.46444126131843,35.46444126131843,35.46444126131843,35.46444126131843,35.46444126131843,35.46444126131843,35.46444126131843,35.46444126131843,35.46444126131843,35.46444126131843,35.46444126131843,35.46444126131843,35.46444126131843,35.46444126131843,35.46444126131843,35.46444126131843,35.46444126131843,35.46444126131843,35.46444126131843,35.46444126131843,35.46444126131843,35.46444126131843,35.46444126131843,35.46444126131843,35.46444126131843,35.46444126131843,35.46444126131843,35.46444126131843,35.46444126131843,35.46444126131843,35.46444126131843,35.46444126131843,36.15519109087828,36.15519109087828,36.15519109087828,36.15519109087828,36.15519109087828,36.15519109087828,36.15519109087828,36.15519109087828,36.15519109087828,36.15519109087828,36.15519109087828,36.15519109087828,36.15519109087828,36.15519109087828,36.15519109087828,36.71968224856985,36.71968224856985,36.71968224856985,36.71968224856985,36.71968224856985,36.71968224856985,36.71968224856985,36.71968224856985,36.5911117863315,36.5911117863315,36.5911117863315,36.5911117863315,36.5911117863315,36.5911117863315,36.5911117863315,36.5911117863315,36.5911117863315,36.5911117863315,36.5911117863315,36.5911117863315,36.5911117863315,36.5911117863315,36.5911117863315,36.5911117863315,36.5911117863315,36.5911117863315,36.5911117863315,36.5911117863315,36.5911117863315,37.22136053221056,37.22136053221056,37.22136053221056,37.22136053221056,37.22136053221056,37.22136053221056,37.22136053221056,37.22136053221056,37.22136053221056,37.22136053221056,37.22136053221056,37.22136053221056,37.22136053221056,37.22136053221056,37.22136053221056,37.22136053221056,37.22136053221056,37.22136053221056,37.22136053221056,37.22136053221056,37.22136053221056,37.22136053221056,37.22136053221056,37.22136053221056,37.22136053221056,37.22136053221056,37.22136053221056,37.22136053221056,37.22136053221056,37.22136053221056,37.22136053221056,37.22136053221056,37.22136053221056,37.22136053221056,37.22136053221056,37.22136053221056,37.22136053221056,37.22136053221056,37.22136053221056,37.22136053221056
0.9026013380108209,1.1492276456408854,1.1492276456408854,1.1492276456408854,1.1492276456408854,1.1492276456408854,1.1492276456408854,1.1492276456408854,1.1492276456408854,2.14847582122826,2.3885746600704816,2.3885746600704816,2.628673498912703,2.628673498912703,2.628673498912703,2.628673498912703,2.628673498912703,2.628673498912703,2.628673498912703,2.628673498912703,2.628673498912703,2.628673498912703,2.628673498912703,2.628673498912703,2.628673498912703,2.930862968241387,3.150130053288572,3.150130053288572,3.150130053288572,3.150130053288572,3.150130053288572,3.150130053288572,3.150130053288572,3.150130053288572,3.150130053288572,3.150130053288572,3.150130053288572,3.150130053288572,3.150130053288572,3.150130053288572,3.150130053288572,3.150130053288572,3.061851543604342,3.061851543604342,3.061851543604342,3.061851543604342,3.061851543604342,3.061851543604342,3.061851543604342,3.061851543604342,3.061851543604342,3.061851543604342,3.061851543604342,3.061851543604342,3.061851543604342,3.3019503824465635,4.424142355774098,4.424142355774098,4.424142355774098,4.424142355774098,4.424142355774098,4.726331825102782,4.726331825102782,4.726331825102782,4.726331825102782,4.726331825102782,4.752763072435254,4.752763072435254,4.752763072435254,4.752763072435254,4.752763072435254,4.752763072435254,4.752763072435254,4.752763072435254,4.752763072435254,4.752763072435254,4.752763072435254,4.752763072435254,4.844290038369522,4.844290038369522,4.844290038369522,4.844290038369522,5.1464795076982055,5.1464795076982055,5.1464795076982055,5.1464795076982055,5.1464795076982055,5.1464795076982055,5.1464795076982055,5.1464795076982055,5.1464795076982055,5.1464795076982055,5.1464795076982055,5.1464795076982055,5.1464795076982055,5.1464795076982055,5.1464795076982055,5.1464795076982055,5.1464795076982055,5.1464795076982055,5.386578346540427,5.386578346540427,5.68876781586911,5.68876781586911,5.68876781586911,5.68876781586911,5.68876781586911,5.68876781586911,5.68876781586911,5.68876781586911,5.68876781586911,5.68876781586911,5.68876781586911,5.68876781586911,5.68876781586911,5.68876781586911,5.68876781586911,5.68876781586911,5.68876781586911,5.68876781586911,5.68876781586911,5.990957285197794,5.990957285197794,5.990957285197794,5.990957285197794,5.990957285197794,5.990957285197794,5.990957285197794,5.990957285197794,6.13394471561943,6.13394471561943,6.13394471561943,6.13394471561943,6.13394471561943,6.13394471561943,6.13394471561943,6.13394471561943,6.436134184948114,6.436134184948114,6.436134184948114,6.7383236542767975,6.7383236542767975,6.7383236542767975,6.7383236542767975,6.7383236542767975,6.7383236542767975,6.7383236542767975,6.7383236542767975,6.7383236542767975,6.7383236542767975,7.040513123605481,7.040513123605481,7.040513123605481,7.040513123605481,7.342702592934165,7.342702592934165,7.342702592934165,7.342702592934165,7.342702592934165,7.342702592934165,7.342702592934165,7.342702592934165,7.342702592934165,7.342702592934165,7.342702592934165,7.342702592934165,7.342702592934165,7.342702592934165,7.342702592934165,7.342702592934165,7.342702592934165,7.342702592934165,7.342702592934165,7.342702592934165,7.342702592934165,7.342702592934165,7.342702592934165,7.342702592934165,7.342702592934165,7.342702592934165,7.342702592934165,7.342702592934165,7.342702592934165,7.342702592934165,7.342702592934165,7.342702592934165,7.342702592934165,7.342702592934165,7.342702592934165,7.342702592934165,7.342702592934165,7.342702592934165,7.342702592934165,7.342702592934165,7.342702592934165,7.342702592934165,7.342702592934165,7.342702592934165,7.342702592934165,7.342702592934165,7.342702592934165,7.342702592934165,7.342702592934165,7.342702592934165,7.342702592934165,7.342702592934165,7.342702592934165,7.342702592934165,7.342702592934165,7.342702592934165,7.342702592934165,7.342702592934165,7.434229558868433,7.434229558868433,7.434229558868433,7.434229558868433,7.434229558868433,7.434229558868433,7.434229558868433,7.434229558868433,7.434229558868433,7.434229558868433,7.434229558868433,7.945631438203675,7.945631438203675,7.945631438203675,7.945631438203675,7.945631438203675,7.945631438203675,7.945631438203675,7.945631438203675,7.945631438203675,7.945631438203675,7.945631438203675,7.945631438203675,7.945631438203675,7.857352928519445,7.857352928519445,7.857352928519445,7.857352928519445,7.857352928519445,7.857352928519445,7.857352928519445,7.857352928519445,7.857352928519445,7.857352928519445,7.857352928519445,7.857352928519445,7.857352928519445,7.857352928519445,7.857352928519445,7.857352928519445,7.857352928519445,7.857352928519445,7.857352928519445,7.857352928519445,7.857352928519445,7.857352928519445,7.857352928519445,7.857352928519445,7.857352928519445,7.857352928519445,7.857352928519445,7.857352928519445,7.857352928519445,7.857352928519445,7.857352928519445,7.857352928519445,7.857352928519445,7.857352928519445,7.857352928519445,7.857352928519445,7.857352928519445,7.857352928519445,7.857352928519445,7.857352928519445,7.857352928519445,7.857352928519445,7.857352928519445,7.857352928519445,7.857352928519445,7.857352928519445,7.857352928519445,7.857352928519445,7.857352928519445,7.857352928519445,7.857352928519445,7.857352928519445,7.857352928519445,7.857352928519445,7.857352928519445,7.857352928519445,7.857352928519445,7.857352928519445,7.857352928519445,7.857352928519445,7.857352928519445,7.857352928519445,7.857352928519445,7.857352928519445
0.837570965721135,1.67514193144227,2.512712897163405,3.35028386288454,4.1878548286056745,5.417577535964242,6.255148501685378,7.092719467406512,7.930290433127647,8.767861398848781,9.605432364569916,10.44300333029105,11.280574296012185,12.11814526173332,12.955716227454454,12.68497593786013,12.68497593786013,12.68497593786013,12.68497593786013,12.68497593786013,12.68497593786013,12.68497593786013,13.611488746676038,13.869475783525978,14.127462820375918,14.385449857225858,14.385449857225858,14.385449857225858,14.385449857225858,14.385449857225858,14.385449857225858,14.385449857225858,14.385449857225858,14.77760159886329,14.77760159886329,14.77760159886329,14.77760159886329,14.77760159886329,14.77760159886329,14.77760159886329,14.77760159886329,14.77760159886329,14.77760159886329,14.77760159886329,14.77760159886329,14.77760159886329,14.77760159886329,14.77760159886329,14.77760159886329,14.77760159886329,14.737758836221284,14.737758836221284,14.737758836221284,14.737758836221284,14.737758836221284,14.737758836221284,14.737758836221284,14.737758836221284,14.737758836221284,14.737758836221284,14.737758836221284,14.737758836221284,14.737758836221284,15.129910577858716,15.129910577858716,15.129910577858716,15.129910577858716,15.247737668506554,15.247737668506554,15.247737668506554,15.247737668506554,15.247737668506554,15.247737668506554,15.247737668506554,15.247737668506554,15.247737668506554,15.247737668506554,15.247737668506554,15.247737668506554,15.247737668506554,15.247737668506554,15.247737668506554,15.247737668506554,15.247737668506554,15.247737668506554,15.247737668506554,15.247737668506554,15.247737668506554,15.247737668506554,15.247737668506554,15.247737668506554,15.247737668506554,15.247737668506554,15.247737668506554,15.247737668506554,15.247737668506554,15.247737668506554,15.247737668506554,15.247737668506554,15.247737668506554,15.247737668506554,15.247737668506554,15.247737668506554,15.247737668506554,15.247737668506554,15.247737668506554,15.247737668506554,15.247737668506554,15.247737668506554,15.247737668506554,15.247737668506554,15.247737668506554,15.247737668506554,15.247737668506554,15.247737668506554,15.247737668506554,15.247737668506554,15.247737668506554,15.639889410143986,15.639889410143986,15.639889410143986,15.705656354614089,15.705656354614089,15.705656354614089,15.705656354614089,15.705656354614089,15.705656354614089,15.705656354614089,15.705656354614089,15.705656354614089,15.705656354614089,15.705656354614089,15.705656354614089,16.097808096251523,16.097808096251523,16.097808096251523,16.097808096251523,16.097808096251523,16.097808096251523,16.097808096251523,16.097808096251523,16.097808096251523,16.097808096251523,16.097808096251523,16.097808096251523,16.097808096251523,16.097808096251523,16.097808096251523,16.057965333609516,16.057965333609516,16.057965333609516,16.057965333609516,16.057965333609516,16.057965333609516,16.057965333609516,16.057965333609516,16.057965333609516,16.057965333609516,16.057965333609516,16.057965333609516,16.057965333609516,16.057965333609516,16.057965333609516,16.057965333609516,16.057965333609516,16.057965333609516,16.057965333609516,16.057965333609516,16.057965333609516,16.057965333609516,16.057965333609516,16.45011707524695,16.45011707524695,16.45011707524695,16.45011707524695,16.45011707524695,16.45011707524695,16.45011707524695,16.45011707524695,16.45011707524695,16.45011707524695,16.45011707524695,16.45011707524695,16.45011707524695,16.45011707524695,16.45011707524695,16.45011707524695,16.45011707524695,16.45011707524695,16.45011707524695,16.45011707524695,16.45011707524695,16.45011707524695,16.45011707524695,16.45011707524695,16.45011707524695,16.322705565421494,16.322705565421494,16.322705565421494,16.322705565421494,16.322705565421494,16.938545596510508,16.938545596510508,16.938545596510508,16.938545596510508,16.938545596510508,16.938545596510508,16.938545596510508,16.8987028338685,16.8987028338685,16.8987028338685,16.8987028338685,16.8987028338685,16.8987028338685,16.8987028338685,16.8987028338685,17.290854575505936,17.290854575505936,17.290854575505936,17.290854575505936,17.290854575505936,17.290854575505936,17.290854575505936,17.290854575505936,17.290854575505936,17.68300631714337,17.68300631714337,17.68300631714337,17.68300631714337,17.68300631714337,17.68300631714337,17.68300631714337,17.68300631714337,17.68300631714337,17.68300631714337,18.075158058780804,18.075158058780804,18.46730980041824,18.46730980041824,18.46730980041824,18.46730980041824,18.46730980041824,18.46730980041824,18.46730980041824,18.46730980041824,18.46730980041824,18.46730980041824,18.46730980041824,18.46730980041824,18.46730980041824,18.46730980041824,18.46730980041824,18.46730980041824,18.46730980041824,18.46730980041824,18.46730980041824,18.46730980041824,18.46730980041824,18.46730980041824,18.46730980041824,18.46730980041824,18.46730980041824,18.46730980041824,18.46730980041824,18.46730980041824,18.46730980041824,18.46730980041824,18.46730980041824,18.46730980041824,18.46730980041824,18.46730980041824,18.46730980041824,18.46730980041824,18.46730980041824,18.46730980041824,18.46730980041824,18.46730980041824,18.46730980041824,18.46730980041824,18.46730980041824,18.46730980041824,18.46730980041824,18.46730980041824,18.46730980041824,18.46730980041824,18.46730980041824,18.46730980041824,18.792613794369668,18.792613794369668,18.521873504775343,18.521873504775343,18.521873504775343,18.521873504775343,18.521873504775343,18.521873504775343,18.521873504775343,18.521873504775343,18.521873504775343,18.521873504775343,18.521873504775343
0.854718449416805,1.70943689883361,2.5641553482504147,3.41887379766722,4.273592247084025,5.12831069650083,5.9830291459176355,7.129478897057798,7.984197346474603,9.130647097614764,9.985365547031568,10.840083996448373,11.694802445865177,12.549520895281981,13.695970646422143,14.842420397562305,15.69713884697911,16.551857296395916,17.40657574581272,18.261294195229524,19.11601264464633,19.970731094063133,20.825449543479937,21.971899294620098,23.121973733988245,23.97669218340505,24.831410632821854,25.686129082238658,26.540847531655462,27.687297282795623,28.542015732212427,29.39673418162923,30.251452631046035,31.10617108046284,31.960889529879644,32.81560797929645,33.67032642871326,34.82040086808141,35.675119317498215,36.52983776691502,37.38455621633183,38.23927466574864,39.093993115165446,38.80226181344209,38.80226181344209,38.80226181344209,38.80226181344209,38.80226181344209,38.80226181344209,38.80226181344209,38.80226181344209,38.80226181344209,39.74795379149689,39.74795379149689,39.74795379149689,39.74795379149689,39.74795379149689,39.74795379149689,39.74795379149689,40.00122399261481,40.00122399261481,40.00122399261481,40.00122399261481,40.00122399261481,40.00122399261481,40.24312370081856,40.40992329651033,40.40992329651033,40.66319349762825,40.66319349762825,40.66319349762825,40.66319349762825,40.66319349762825,40.66319349762825,40.66319349762825,40.66319349762825,40.66319349762825,40.66319349762825,40.66319349762825,40.66319349762825,40.66319349762825,40.66319349762825,40.66319349762825,40.66319349762825,40.66319349762825,40.66319349762825,40.66319349762825,40.66319349762825,40.66319349762825,40.66319349762825,40.66319349762825,40.66319349762825,40.66319349762825,40.66319349762825,40.66319349762825,40.66319349762825,40.66319349762825,40.66319349762825,40.66319349762825,40.66319349762825,40.66319349762825,40.66319349762825,40.91646369874617,40.91646369874617,40.91646369874617,40.91646369874617,40.91646369874617,41.09494728271512,41.09494728271512,41.09494728271512,41.09494728271512,41.09494728271512,41.09494728271512,41.09494728271512,41.09494728271512,41.09494728271512,41.09494728271512,41.09494728271512,41.09494728271512,41.09494728271512,41.09494728271512,41.09494728271512,41.09494728271512,41.09494728271512,41.09494728271512,41.09494728271512,41.09494728271512,41.09494728271512,41.09494728271512,41.09494728271512,41.34821748383304,41.34821748383304,41.34821748383304,41.34821748383304,41.34821748383304,41.34821748383304,41.34821748383304,41.34821748383304,41.34821748383304,41.34821748383304,41.34821748383304,41.34821748383304,41.34821748383304,41.34821748383304,41.34821748383304,41.34821748383304,41.34821748383304,41.34821748383304,41.34821748383304,41.34821748383304,41.34821748383304,41.34821748383304,41.34821748383304,41.34821748383304,41.34821748383304,41.34821748383304,41.34821748383304,41.275830726048845,41.275830726048845,41.275830726048845,41.275830726048845,41.275830726048845,41.275830726048845,41.275830726048845,41.275830726048845,41.275830726048845,41.275830726048845,41.275830726048845,41.275830726048845,41.442630321740616,41.442630321740616,41.37024356395642,41.37024356395642,41.37024356395642,41.37024356395642,41.37024356395642,41.37024356395642,41.37024356395642,41.37024356395642,41.37024356395642,41.37024356395642,41.37024356395642,41.37024356395642,41.37024356395642,41.37024356395642,41.37024356395642,41.37024356395642,41.37024356395642,41.37024356395642,41.37024356395642,41.37024356395642,41.37024356395642,41.37024356395642,41.37024356395642,41.37024356395642,41.37024356395642,41.37024356395642,41.30259265197374,41.30259265197374,41.30259265197374,41.30259265197374,41.30259265197374,41.30259265197374,41.30259265197374,41.30259265197374,41.30259265197374,41.30259265197374,41.30259265197374,41.30259265197374,41.30259265197374,41.30259265197374,41.30259265197374,41.30259265197374,41.30259265197374,41.30259265197374,41.30259265197374,41.30259265197374,41.30259265197374,41.30259265197374,41.30259265197374,41.30259265197374,41.30259265197374,41.30259265197374,41.30259265197374,41.30259265197374,41.30259265197374,41.30259265197374,41.30259265197374,41.30259265197374,41.30259265197374,41.597948641925086,42.04756099110574,42.04756099110574,42.04756099110574,42.04756099110574,42.22604457507469,42.22604457507469,42.22604457507469,42.22604457507469,42.22604457507469,42.22604457507469,42.22604457507469,42.22604457507469,42.22604457507469,42.22604457507469,42.22604457507469,42.22604457507469,42.22604457507469,42.22604457507469,42.22604457507469,42.22604457507469,42.22604457507469,42.22604457507469,42.22604457507469,42.22604457507469,42.22604457507469,42.22604457507469,42.22604457507469,42.22604457507469,42.22604457507469,42.22604457507469,42.22604457507469,42.22604457507469,42.22604457507469,42.22604457507469,42.22604457507469,42.22604457507469,42.22604457507469,42.22604457507469,42.22604457507469,42.22604457507469,42.22604457507469,42.22604457507469,42.22604457507469,42.22604457507469,42.22604457507469,42.22604457507469,42.22604457507469,42.22604457507469,42.22604457507469,42.22604457507469,42.521400565026035,42.521400565026035,42.521400565026035,42.521400565026035,42.521400565026035,42.521400565026035,42.521400565026035,42.521400565026035,42.521400565026035,42.521400565026035,42.521400565026035,42.521400565026035,42.521400565026035,42.521400565026035,42.521400565026035,42.521400565026035,42.521400565026035,42.521400565026035,42.521400565026035
0.8498128352571364,1.6996256705142727,2.549438505771409,3.3992513410285454,3.675360306331252,3.675360306331252,3.675360306331252,3.675360306331252,3.675360306331252,3.675360306331252,3.675360306331252,3.675360306331252,3.675360306331252,3.675360306331252,3.675360306331252,3.675360306331252,3.675360306331252,3.675360306331252,4.8956141869466805,4.8956141869466805,4.8956141869466805,5.430282546161337,5.430282546161337,5.430282546161337,5.430282546161337,5.430282546161337,5.430282546161337,5.430282546161337,5.430282546161337,5.430282546161337,5.430282546161337,5.430282546161337,5.430282546161337,5.430282546161337,5.430282546161337,5.286396510943119,5.286396510943119,5.286396510943119,5.286396510943119,5.286396510943119,5.286396510943119,5.286396510943119,5.286396510943119,5.286396510943119,5.286396510943119,5.541016121488482,5.541016121488482,5.541016121488482,5.541016121488482,5.821064870157775,5.821064870157775,6.101113618827068,6.101113618827068,6.101113618827068,6.101113618827068,6.101113618827068,6.101113618827068,6.38116236749636,6.38116236749636,6.38116236749636,6.661211116165653,6.661211116165653,6.661211116165653,6.9412598648349455,6.9412598648349455,6.9412598648349455,6.9412598648349455,6.9412598648349455,6.9412598648349455,6.9412598648349455,6.9412598648349455,6.9412598648349455,6.9412598648349455,6.9412598648349455,6.9412598648349455,7.221308613504238,7.221308613504238,7.221308613504238,7.501357362173531,7.501357362173531,7.501357362173531,7.501357362173531,7.501357362173531,8.059712622471105,8.059712622471105,8.339761371140398,8.339761371140398,8.339761371140398,8.339761371140398,8.339761371140398,8.339761371140398,8.339761371140398,8.339761371140398,8.339761371140398,8.339761371140398,8.339761371140398,8.339761371140398,8.339761371140398,8.339761371140398,8.339761371140398,8.339761371140398,8.339761371140398,8.339761371140398,8.339761371140398,8.339761371140398,8.339761371140398,8.339761371140398,8.339761371140398,8.339761371140398,8.339761371140398,8.339761371140398,8.339761371140398,8.339761371140398,8.339761371140398,8.339761371140398,8.339761371140398,8.339761371140398,8.339761371140398,8.339761371140398,8.339761371140398,8.339761371140398,8.339761371140398,8.339761371140398,8.339761371140398,8.339761371140398,8.339761371140398,8.339761371140398,8.339761371140398,8.339761371140398,8.339761371140398,8.339761371140398,8.339761371140398,8.339761371140398,8.339761371140398,8.339761371140398,8.298108151466106,8.298108151466106,8.298108151466106,8.298108151466106,8.298108151466106,8.298108151466106,8.256488684480367,8.256488684480367,8.256488684480367,8.256488684480367,8.256488684480367,8.256488684480367,8.256488684480367,8.256488684480367,8.256488684480367,8.256488684480367,8.256488684480367,8.256488684480367,8.256488684480367,8.256488684480367,8.256488684480367,8.256488684480367,8.256488684480367,8.256488684480367,8.112602649262149,8.112602649262149,8.112602649262149,8.112602649262149,8.112602649262149,8.112602649262149,8.112602649262149,8.112602649262149,8.112602649262149,8.112602649262149,8.112602649262149,8.112602649262149,8.112602649262149,8.112602649262149,8.112602649262149,8.112602649262149,8.112602649262149,8.112602649262149,8.112602649262149,8.112602649262149,8.112602649262149,8.112602649262149,8.112602649262149,8.112602649262149,8.112602649262149,8.112602649262149,8.112602649262149,8.112602649262149,8.112602649262149,8.112602649262149,8.112602649262149,8.112602649262149,8.112602649262149,8.112602649262149,8.112602649262149,8.112602649262149,8.01064996758258,8.01064996758258,8.01064996758258,8.01064996758258,8.01064996758258,8.01064996758258,8.01064996758258,8.01064996758258,8.01064996758258,8.01064996758258,8.01064996758258,8.01064996758258,8.01064996758258,8.01064996758258,8.01064996758258,8.01064996758258,8.01064996758258,8.01064996758258,8.01064996758258,8.01064996758258,8.01064996758258,8.01064996758258,8.01064996758258,8.01064996758258,8.01064996758258,8.01064996758258,8.01064996758258,8.01064996758258,8.01064996758258,8.01064996758258,8.01064996758258,8.01064996758258,8.01064996758258,8.01064996758258,8.01064996758258,8.01064996758258,8.01064996758258,8.01064996758258,8.01064996758258,8.01064996758258,8.01064996758258,8.01064996758258,8.01064996758258,8.01064996758258,8.01064996758258,8.01064996758258,8.01064996758258,8.01064996758258,8.01064996758258,8.01064996758258,8.01064996758258,8.01064996758258,8.01064996758258,8.01064996758258,8.01064996758258,8.01064996758258,8.01064996758258,8.01064996758258,8.01064996758258,8.01064996758258,8.01064996758258,8.01064996758258,8.01064996758258,8.01064996758258,8.01064996758258,8.01064996758258,8.01064996758258,8.01064996758258,8.01064996758258,8.01064996758258,8.01064996758258,8.01064996758258,8.01064996758258,8.01064996758258,8.01064996758258,8.01064996758258,8.01064996758258,8.01064996758258,8.01064996758258,8.01064996758258,8.01064996758258,8.01064996758258,8.01064996758258,8.01064996758258,8.01064996758258,8.01064996758258,8.01064996758258,8.01064996758258,8.01064996758258,8.0484285979265,8.0484285979265,8.0484285979265,8.0484285979265,8.0484285979265,8.0484285979265,8.0484285979265,8.0484285979265,8.0484285979265,8.0484285979265,8.0484285979265,8.0484285979265,8.0484285979265,8.0484285979265,8.0484285979265,8.0484285979265
0.8465524926341637,0.8465524926341637,0.8465524926341637,0.8465524926341637,0.8465524926341637,0.8465524926341637,0.8465524926341637,0.8465524926341637,0.8465524926341637,1.7831109867381207,1.7831109867381207,1.4348923020616904,1.69040874976728,1.9459251974728695,2.201441645178459,2.201441645178459,2.201441645178459,2.6026048561614576,2.6026048561614576,3.003768067144456,3.003768067144456,3.003768067144456,3.003768067144456,3.003768067144456,3.003768067144456,3.6604477258330443,3.6604477258330443,3.6604477258330443,3.6604477258330443,3.6604477258330443,3.6604477258330443,3.6604477258330443,3.6604477258330443,3.6604477258330443,3.4866650158363734,3.4866650158363734,3.742181463541963,3.742181463541963,3.742181463541963,3.742181463541963,3.742181463541963,3.742181463541963,3.742181463541963,3.742181463541963,3.742181463541963,3.742181463541963,3.742181463541963,3.742181463541963,3.742181463541963,3.742181463541963,3.742181463541963,3.742181463541963,3.742181463541963,3.742181463541963,3.742181463541963,3.742181463541963,3.742181463541963,3.742181463541963,3.742181463541963,3.742181463541963,3.742181463541963,3.742181463541963,3.742181463541963,3.742181463541963,3.742181463541963,3.742181463541963,3.742181463541963,3.742181463541963,3.742181463541963,4.143344674524961,4.54450788550796,4.54450788550796,4.54450788550796,4.54450788550796,4.54450788550796,4.945671096490958,4.945671096490958,4.945671096490958,4.945671096490958,4.945671096490958,4.945671096490958,4.945671096490958,4.945671096490958,4.945671096490958,4.945671096490958,4.945671096490958,4.945671096490958,4.945671096490958,5.201187544196548,5.201187544196548,5.201187544196548,5.201187544196548,5.201187544196548,5.201187544196548,5.201187544196548,5.201187544196548,5.201187544196548,5.201187544196548,5.201187544196548,5.201187544196548,5.201187544196548,5.201187544196548,5.201187544196548,5.201187544196548,5.201187544196548,5.201187544196548,5.602350755179547,5.602350755179547,5.602350755179547,5.602350755179547,5.602350755179547,5.602350755179547,5.602350755179547,5.602350755179547,5.602350755179547,5.602350755179547,6.003513966162545,6.003513966162545,6.003513966162545,6.003513966162545,6.404677177145544,6.404677177145544,6.404677177145544,6.404677177145544,6.404677177145544,6.404677177145544,6.404677177145544,6.404677177145544,6.404677177145544,6.404677177145544,6.404677177145544,6.404677177145544,6.404677177145544,6.404677177145544,6.404677177145544,6.404677177145544,6.404677177145544,6.404677177145544,6.404677177145544,6.404677177145544,6.404677177145544,6.404677177145544,6.404677177145544,6.404677177145544,6.404677177145544,6.404677177145544,6.660193624851134,6.660193624851134,6.631703393921901,6.631703393921901,6.631703393921901,6.631703393921901,6.631703393921901,6.631703393921901,6.631703393921901,6.631703393921901,6.631703393921901,6.631703393921901,6.631703393921901,6.631703393921901,6.631703393921901,6.631703393921901,6.631703393921901,6.631703393921901,6.631703393921901,6.631703393921901,6.631703393921901,6.631703393921901,6.631703393921901,6.631703393921901,6.631703393921901,6.631703393921901,6.631703393921901,6.631703393921901,6.631703393921901,6.484737400421207,6.484737400421207,6.484737400421207,6.484737400421207,6.484737400421207,6.484737400421207,6.484737400421207,6.484737400421207,6.484737400421207,6.484737400421207,6.484737400421207,6.484737400421207,6.484737400421207,6.484737400421207,6.484737400421207,6.484737400421207,6.484737400421207,6.484737400421207,6.484737400421207,6.484737400421207,6.484737400421207,6.484737400421207,6.484737400421207,6.484737400421207,6.484737400421207,6.484737400421207,6.484737400421207,6.484737400421207,6.484737400421207,6.484737400421207,6.484737400421207,6.484737400421207,6.484737400421207,6.484737400421207,6.484737400421207,6.484737400421207,6.484737400421207,6.484737400421207,6.484737400421207,6.484737400421207,6.484737400421207,6.484737400421207,6.484737400421207,6.484737400421207,6.484737400421207,6.484737400421207,6.484737400421207,6.484737400421207,6.484737400421207,6.484737400421207,6.484737400421207,6.484737400421207,6.484737400421207,6.484737400421207,6.484737400421207,6.484737400421207,6.484737400421207,6.484737400421207,6.484737400421207,6.484737400421207,6.484737400421207,6.484737400421207,6.484737400421207,6.484737400421207,6.484737400421207,6.484737400421207,6.484737400421207,6.484737400421207,6.484737400421207,6.484737400421207,6.484737400421207,6.484737400421207,6.484737400421207,6.484737400421207,6.484737400421207,6.484737400421207,6.484737400421207,6.484737400421207,6.484737400421207,6.484737400421207,6.484737400421207,6.484737400421207,6.484737400421207,6.484737400421207,6.484737400421207,6.484737400421207,6.484737400421207,6.484737400421207,6.484737400421207,6.484737400421207,6.484737400421207,6.484737400421207,6.484737400421207,6.484737400421207,6.484737400421207,6.484737400421207,6.484737400421207,6.484737400421207,6.484737400421207,6.484737400421207,6.484737400421207,6.484737400421207,6.484737400421207,6.484737400421207,6.484737400421207,6.484737400421207,6.484737400421207,6.484737400421207,6.484737400421207,6.484737400421207,6.484737400421207,6.484737400421207,6.484737400421207,6.484737400421207,6.337771406920513,6.337771406920513,6.337771406920513,6.337771406920513,6.337771406920513,6.337771406920513,6.337771406920513,6.337771406920513,6.337771406920513,6.337771406920513,6.337771406920513
0.8845993397746481,1.7691986795492962,2.6537980193239443,3.5383973590985924,4.4229966988732405,5.307596038647889,5.598169293975623,5.917500425601782,6.236831557227941,6.236831557227941,6.5561626888541,7.357993800035313,7.603044529780893,7.848095259526472,7.848095259526472,7.848095259526472,7.848095259526472,7.848095259526472,7.848095259526472,7.848095259526472,7.848095259526472,7.848095259526472,8.167426391152631,8.167426391152631,8.167426391152631,8.167426391152631,8.167426391152631,8.167426391152631,8.48675752277879,8.48675752277879,8.48675752277879,8.48675752277879,8.48675752277879,8.48675752277879,8.48675752277879,8.48675752277879,8.48675752277879,8.48675752277879,8.48675752277879,8.48675752277879,8.48675752277879,8.806088654404949,8.806088654404949,9.125419786031108,9.338519143250021,9.338519143250021,9.338519143250021,9.338519143250021,9.338519143250021,9.338519143250021,9.338519143250021,9.338519143250021,9.299898653853681,9.457323535430938,9.776654667057096,10.46405075653547,10.150946634765255,10.150946634765255,10.150946634765255,10.150946634765255,10.150946634765255,10.150946634765255,10.470277766391414,10.470277766391414,10.470277766391414,10.470277766391414,10.470277766391414,10.470277766391414,10.470277766391414,10.470277766391414,10.470277766391414,10.470277766391414,10.470277766391414,10.470277766391414,10.470277766391414,10.470277766391414,10.470277766391414,10.470277766391414,10.470277766391414,10.470277766391414,10.470277766391414,10.347639663073455,10.347639663073455,10.309019173677115,10.309019173677115,10.309019173677115,10.309019173677115,10.309019173677115,10.309019173677115,10.309019173677115,10.309019173677115,10.309019173677115,10.309019173677115,10.309019173677115,10.309019173677115,10.309019173677115,10.309019173677115,10.309019173677115,10.309019173677115,10.309019173677115,10.20278739926987,10.20278739926987,10.20278739926987,10.20278739926987,10.20278739926987,10.20278739926987,10.20278739926987,10.20278739926987,10.20278739926987,10.20278739926987,10.20278739926987,10.20278739926987,10.20278739926987,10.20278739926987,10.20278739926987,10.20278739926987,10.20278739926987,10.20278739926987,10.20278739926987,10.20278739926987,10.20278739926987,10.20278739926987,10.20278739926987,10.20278739926987,10.20278739926987,10.20278739926987,10.20278739926987,10.20278739926987,10.20278739926987,10.20278739926987,10.20278739926987,10.20278739926987,10.20278739926987,10.20278739926987,10.20278739926987,10.20278739926987,10.20278739926987,10.20278739926987,10.890183488748242,10.890183488748242,10.890183488748242,10.890183488748242,10.890183488748242,10.890183488748242,10.890183488748242,10.890183488748242,10.890183488748242,10.890183488748242,10.890183488748242,10.890183488748242,10.890183488748242,10.890183488748242,10.890183488748242,10.890183488748242,10.890183488748242,10.890183488748242,10.890183488748242,10.890183488748242,10.890183488748242,10.890183488748242,10.890183488748242,10.890183488748242,10.890183488748242,10.890183488748242,10.890183488748242,10.890183488748242,10.890183488748242,10.890183488748242,10.890183488748242,10.890183488748242,10.890183488748242,10.890183488748242,10.890183488748242,10.890183488748242,10.890183488748242,10.890183488748242,10.890183488748242,10.890183488748242,10.890183488748242,10.890183488748242,10.890183488748242,10.890183488748242,10.890183488748242,10.890183488748242,10.890183488748242,10.890183488748242,10.890183488748242,10.890183488748242,11.577579578226615,11.577579578226615,11.577579578226615,11.577579578226615,11.577579578226615,11.577579578226615,11.577579578226615,11.577579578226615,11.577579578226615,11.577579578226615,11.577579578226615,11.577579578226615,11.577579578226615,11.577579578226615,11.577579578226615,11.577579578226615,11.577579578226615,11.577579578226615,11.577579578226615,11.577579578226615,11.577579578226615,11.577579578226615,11.577579578226615,11.577579578226615,11.577579578226615,11.577579578226615,11.577579578226615,11.577579578226615,11.577579578226615,11.577579578226615,11.577579578226615,11.577579578226615,11.454941474908654,11.454941474908654,11.454941474908654,11.454941474908654,11.454941474908654,11.454941474908654,11.454941474908654,11.454941474908654,11.454941474908654,11.454941474908654,11.454941474908654,11.454941474908654,11.454941474908654,11.454941474908654,11.454941474908654,11.454941474908654,11.454941474908654,11.454941474908654,11.454941474908654,11.454941474908654,11.454941474908654,11.454941474908654,11.454941474908654,11.454941474908654,11.454941474908654,11.454941474908654,11.454941474908654,11.454941474908654,11.454941474908654,11.454941474908654,11.454941474908654,11.454941474908654,11.371208047387178,11.371208047387178,11.058103925616964,11.058103925616964,11.058103925616964,11.058103925616964,11.058103925616964,11.058103925616964,11.058103925616964,11.058103925616964,11.058103925616964,11.058103925616964,11.058103925616964,11.058103925616964,11.058103925616964,11.058103925616964,11.058103925616964,11.058103925616964,11.058103925616964,11.058103925616964,11.058103925616964,11.058103925616964,11.058103925616964,11.058103925616964,11.058103925616964,11.058103925616964,11.058103925616964,11.058103925616964,11.058103925616964,11.058103925616964,11.058103925616964,11.058103925616964,11.058103925616964,11.058103925616964,11.058103925616964,11.058103925616964,11.058103925616964,11.058103925616964,11.058103925616964,11.058103925616964,11.058103925616964,11.058103925616964,11.058103925616964,11.058103925616964,11.058103925616964,11.058103925616964,11.058103925616964,11.058103925616964
0.846548516003605,1.69309703200721,2.9328694296905744,3.7794179456941794,4.625966461697784,5.865738859381148,6.7122873753847525,7.558835891388357,8.405384407391962,9.645156805075326,10.49170532107893,11.338253837082535,12.18480235308614,13.031350869089744,13.877899385093349,14.724447901096953,15.570996417100558,16.417544933104164,17.26409344910777,18.110641965111373,18.957190481114978,19.803738997118582,20.650287513122187,21.89005991080555,22.736608426809156,23.97638082449252,24.822929340496124,25.66947785649973,26.516026372503333,27.362574888506938,27.469363387989784,27.469363387989784,27.469363387989784,27.469363387989784,27.862587269669543,27.862587269669543,28.255811151349302,28.255811151349302,28.255811151349302,28.255811151349302,29.19236519765953,29.19236519765953,29.58558907933929,29.58558907933929,29.58558907933929,29.58558907933929,29.58558907933929,29.58558907933929,29.96277839682495,30.218295938400257,30.47381347997556,31.122554903230625,31.37807244480593,31.633589986381235,31.633589986381235,31.633589986381235,31.633589986381235,31.633589986381235,31.633589986381235,31.633589986381235,31.633589986381235,31.633589986381235,31.633589986381235,31.633589986381235,31.633589986381235,31.88910752795654,31.88910752795654,31.88910752795654,31.88910752795654,31.88910752795654,31.88910752795654,31.88910752795654,31.88910752795654,31.88910752795654,31.88910752795654,32.2823314096363,32.2823314096363,32.582124906344895,32.582124906344895,32.582124906344895,32.582124906344895,32.582124906344895,32.582124906344895,32.582124906344895,32.582124906344895,32.582124906344895,32.582124906344895,32.582124906344895,32.582124906344895,32.582124906344895,32.582124906344895,32.582124906344895,32.582124906344895,32.582124906344895,32.582124906344895,32.582124906344895,32.582124906344895,32.582124906344895,32.582124906344895,32.582124906344895,32.582124906344895,32.582124906344895,32.582124906344895,32.582124906344895,32.582124906344895,32.582124906344895,32.582124906344895,32.582124906344895,32.582124906344895,32.582124906344895,32.582124906344895,32.582124906344895,32.582124906344895,32.582124906344895,32.582124906344895,32.582124906344895,32.582124906344895,32.582124906344895,32.582124906344895,32.582124906344895,32.582124906344895,32.582124906344895,32.582124906344895,32.582124906344895,32.582124906344895,32.582124906344895,32.582124906344895,32.582124906344895,32.582124906344895,32.582124906344895,32.582124906344895,32.582124906344895,32.582124906344895,32.582124906344895,32.582124906344895,32.582124906344895,32.582124906344895,32.582124906344895,32.582124906344895,32.582124906344895,32.582124906344895,32.582124906344895,32.8376424479202,33.09315998949551,33.09315998949551,33.09315998949551,33.09315998949551,33.09315998949551,33.09315998949551,33.09315998949551,33.09315998949551,33.09315998949551,33.09315998949551,33.09315998949551,33.09315998949551,33.09315998949551,33.09315998949551,33.09315998949551,33.09315998949551,33.09315998949551,33.09315998949551,33.09315998949551,33.09315998949551,33.09315998949551,33.09315998949551,33.09315998949551,33.34867753107082,33.34867753107082,33.34867753107082,33.34867753107082,33.34867753107082,33.34867753107082,33.34867753107082,33.34867753107082,33.34867753107082,33.34867753107082,33.34867753107082,33.34867753107082,33.34867753107082,33.34867753107082,33.34867753107082,33.34867753107082,33.34867753107082,33.34867753107082,33.17162631824459,33.17162631824459,33.17162631824459,33.17162631824459,33.17162631824459,33.14701868976983,33.14701868976983,33.14701868976983,33.14701868976983,33.14701868976983,33.14701868976983,33.14701868976983,33.14701868976983,33.14701868976983,33.446812186478425,33.446812186478425,33.446812186478425,33.2697609736522,33.2697609736522,33.2697609736522,33.2697609736522,33.2697609736522,33.2697609736522,33.2697609736522,33.2697609736522,33.2697609736522,33.2697609736522,33.2697609736522,33.2697609736522,33.2697609736522,33.2697609736522,33.2697609736522,33.2697609736522,33.2697609736522,33.2697609736522,33.2697609736522,33.2697609736522,33.2697609736522,33.2697609736522,33.2697609736522,33.2697609736522,33.2697609736522,33.2697609736522,33.2697609736522,33.2697609736522,33.2697609736522,33.2697609736522,33.2697609736522,33.2697609736522,33.2697609736522,33.14760924916398,33.14760924916398,33.14760924916398,33.14760924916398,33.14760924916398,33.14760924916398,33.14760924916398,33.14760924916398,33.14760924916398,33.14760924916398,33.14760924916398,33.14760924916398,33.14760924916398,33.14760924916398,33.14760924916398,33.14760924916398,33.14760924916398,33.14760924916398,33.14760924916398,33.14760924916398,33.14760924916398,33.14760924916398,33.14760924916398,33.14760924916398,33.14760924916398,33.14760924916398,33.14760924916398,33.14760924916398,33.14760924916398,33.14760924916398,33.14760924916398,33.14760924916398,33.14760924916398,33.14760924916398,33.14760924916398,33.14760924916398,33.14760924916398,33.14760924916398,33.02545752467576,33.02545752467576,33.02545752467576,33.02545752467576,32.77081151614542,32.77081151614542,32.77081151614542,32.77081151614542,32.77081151614542,32.77081151614542,32.77081151614542,32.77081151614542,32.77081151614542,32.77081151614542,32.77081151614542,32.77081151614542,32.77081151614542,32.77081151614542,32.77081151614542,32.77081151614542,32.77081151614542,32.77081151614542,32.77081151614542,32.77081151614542,32.77081151614542,32.77081151614542,32.77081151614542,32.77081151614542
0.8567901810014551,1.7135803620029102,2.5703705430043655,3.4271607240058204,4.283950905007275,5.14074108600873,5.997531267010185,6.85432144801164,7.711111629013095,8.56790181001455,9.424691991016006,9.265857211932012,9.105615330218798,9.105615330218798,9.105615330218798,9.105615330218798,9.105615330218798,9.105615330218798,9.489776660579798,9.489776660579798,10.437785835220687,10.690486155781262,10.943186476341836,10.943186476341836,11.19588679690241,11.19588679690241,11.19588679690241,11.448587117462985,11.448587117462985,11.448587117462985,11.448587117462985,11.448587117462985,11.448587117462985,11.448587117462985,11.448587117462985,11.448587117462985,11.833503380025032,11.833503380025032,11.833503380025032,12.21841964258708,12.21841964258708,12.21841964258708,12.21841964258708,12.21841964258708,12.21841964258708,12.21841964258708,12.21841964258708,12.21841964258708,12.21841964258708,12.603335905149127,12.603335905149127,12.603335905149127,12.603335905149127,12.603335905149127,12.67976099318938,12.67976099318938,12.67976099318938,13.064677255751427,13.064677255751427,13.449593518313474,13.834509780875521,13.834509780875521,13.834509780875521,13.834509780875521,13.834509780875521,13.834509780875521,13.834509780875521,13.834509780875521,13.834509780875521,13.834509780875521,14.219426043437569,14.219426043437569,14.219426043437569,14.219426043437569,14.219426043437569,14.219426043437569,14.219426043437569,14.219426043437569,14.845992211537956,14.845992211537956,14.845992211537956,14.845992211537956,14.845992211537956,14.845992211537956,14.845992211537956,14.845992211537956,14.845992211537956,15.089925380738858,15.089925380738858,15.089925380738858,15.089925380738858,15.089925380738858,15.089925380738858,15.474841643300906,15.474841643300906,15.474841643300906,15.474841643300906,15.474841643300906,15.474841643300906,15.474841643300906,15.474841643300906,15.474841643300906,15.474841643300906,15.474841643300906,15.474841643300906,15.474841643300906,15.474841643300906,15.474841643300906,15.474841643300906,15.474841643300906,15.474841643300906,15.474841643300906,15.474841643300906,15.474841643300906,15.474841643300906,15.474841643300906,15.859757905862953,15.859757905862953,15.859757905862953,16.244674168425,16.244674168425,16.244674168425,16.244674168425,16.244674168425,16.244674168425,16.244674168425,16.244674168425,16.244674168425,16.244674168425,16.244674168425,16.244674168425,16.244674168425,16.244674168425,16.244674168425,16.244674168425,16.244674168425,16.244674168425,16.244674168425,16.244674168425,16.244674168425,16.244674168425,16.87124033652539,16.87124033652539,16.87124033652539,16.87124033652539,16.87124033652539,16.87124033652539,16.87124033652539,16.87124033652539,16.87124033652539,17.590933897979788,17.42020432019823,17.80436565055923,17.80436565055923,17.80436565055923,18.13331059298396,18.13331059298396,18.13331059298396,18.13331059298396,18.13331059298396,18.13331059298396,18.13331059298396,18.13331059298396,18.13331059298396,18.13331059298396,18.13331059298396,18.13331059298396,18.13331059298396,17.988277274149496,17.988277274149496,17.988277274149496,17.988277274149496,17.988277274149496,17.988277274149496,17.988277274149496,17.988277274149496,17.988277274149496,17.988277274149496,17.988277274149496,17.988277274149496,17.988277274149496,17.988277274149496,18.663577024464004,18.663577024464004,18.663577024464004,18.663577024464004,18.663577024464004,18.663577024464004,18.663577024464004,18.663577024464004,18.663577024464004,18.663577024464004,18.663577024464004,18.663577024464004,18.663577024464004,18.663577024464004,18.663577024464004,18.663577024464004,18.50333514275079,18.50333514275079,18.50333514275079,18.50333514275079,18.50333514275079,18.50333514275079,18.50333514275079,18.50333514275079,18.50333514275079,18.50333514275079,18.50333514275079,18.50333514275079,18.50333514275079,18.50333514275079,18.50333514275079,18.50333514275079,18.50333514275079,18.50333514275079,18.50333514275079,18.50333514275079,18.50333514275079,18.50333514275079,18.50333514275079,18.50333514275079,18.50333514275079,18.50333514275079,18.50333514275079,18.50333514275079,18.50333514275079,18.50333514275079,18.50333514275079,18.50333514275079,18.50333514275079,18.88749647311179,18.88749647311179,18.88749647311179,18.88749647311179,18.88749647311179,18.88749647311179,18.88749647311179,18.88749647311179,18.88749647311179,18.88749647311179,18.88749647311179,18.88749647311179,18.88749647311179,18.88749647311179,18.88749647311179,18.88749647311179,18.88749647311179,18.88749647311179,18.88749647311179,18.88749647311179,18.88749647311179,18.88749647311179,18.88749647311179,18.88749647311179,18.88749647311179,18.88749647311179,18.88749647311179,18.89142978741422,18.89142978741422,18.89142978741422,18.89142978741422,18.89142978741422,18.89142978741422,18.89142978741422,18.89142978741422,18.89142978741422,18.89142978741422,18.89142978741422,18.89142978741422,18.89142978741422,18.89142978741422,18.89142978741422,18.89142978741422,18.89142978741422,18.89142978741422,18.89142978741422,18.89142978741422,18.89142978741422,18.89142978741422,18.89142978741422,18.89142978741422,18.89142978741422,18.89142978741422,18.89142978741422,18.89142978741422,18.89142978741422,18.89142978741422,18.89142978741422,18.89142978741422,18.89142978741422,18.89142978741422,18.89142978741422,18.89142978741422,18.89142978741422,18.89142978741422,18.89142978741422,18.89142978741422,18.89142978741422,18.89142978741422
0.895877166756891,1.791754333513782,2.687631500270673,3.583508667027564,4.479385833784455,5.375263000541347,6.271140167298238,7.16701733405513,8.36468864499255,9.26056581174944,10.156442978506332,11.052320145263224,11.948197312020115,12.844074478777006,13.739951645533898,14.63582881229079,15.53170597904768,16.427583145804572,17.323460312561462,18.21933747931835,19.11521464607524,20.01109181283213,20.90696897958902,21.80284614634591,22.6987233131028,23.59460047985969,24.49047764661658,25.688148957554,26.58402612431089,27.781697435248308,28.677574602005198,29.573451768762087,30.771123079699507,31.667000246456396,32.562877413213286,33.458754579970176,34.354631746727065,35.250508913483955,36.146386080240845,37.042263246997734,37.938140413754624,38.834017580511514,39.7298947472684,40.62577191402529,41.52164908078218,42.41752624753907,43.31340341429596,44.20928058105285,45.10515774780974,46.00103491456663,46.89691208132352,47.79278924808041,48.6886664148373,49.58454358159419,50.48042074835108,51.37629791510797,52.27217508186486,53.469846392802275,53.469846392802275,53.469846392802275,53.7716405369828,53.7716405369828,54.07343468116333,54.07343468116333,54.07343468116333,54.07343468116333,55.06516198542292,55.06516198542292,55.307110472400204,55.54905895937749,55.791007446354776,55.791007446354776,56.0928015905353,56.0928015905353,56.0928015905353,56.0928015905353,56.0928015905353,56.33475007751259,56.33475007751259,56.33475007751259,56.33475007751259,56.33475007751259,56.33475007751259,56.33475007751259,56.33475007751259,56.33475007751259,56.33475007751259,56.33475007751259,56.33475007751259,56.33475007751259,56.33475007751259,56.33475007751259,56.33475007751259,56.33475007751259,56.33475007751259,56.33475007751259,56.33475007751259,56.33475007751259,56.33475007751259,56.33475007751259,56.33475007751259,56.33475007751259,56.28895394240449,56.28895394240449,56.28895394240449,56.28895394240449,56.28895394240449,56.28895394240449,56.28895394240449,56.28895394240449,56.28895394240449,56.28895394240449,56.28895394240449,56.28895394240449,56.28895394240449,56.28895394240449,56.28895394240449,56.28895394240449,56.28895394240449,56.28895394240449,56.28895394240449,56.28895394240449,56.28895394240449,55.98715979822396,55.98715979822396,55.98715979822396,55.98715979822396,55.98715979822396,55.98715979822396,55.98715979822396,55.98715979822396,55.98715979822396,55.98715979822396,55.98715979822396,55.98715979822396,55.98715979822396,55.98715979822396,55.98715979822396,55.98715979822396,55.98715979822396,55.98715979822396,55.98715979822396,55.98715979822396,55.98715979822396,56.22910828520125,56.22910828520125,56.22910828520125,56.22910828520125,56.22910828520125,56.22910828520125,56.22910828520125,56.22910828520125,56.22910828520125,56.22910828520125,56.22910828520125,56.22910828520125,56.22910828520125,56.22910828520125,56.22910828520125,56.22910828520125,56.22910828520125,56.22910828520125,56.22910828520125,56.22910828520125,56.22910828520125,56.22910828520125,56.22910828520125,56.22910828520125,56.22910828520125,56.22910828520125,56.22910828520125,56.22910828520125,56.22910828520125,56.22910828520125,56.22910828520125,56.22910828520125,56.22910828520125,56.22910828520125,56.22910828520125,56.22910828520125,56.22910828520125,56.13906595698139,56.13906595698139,56.13906595698139,56.13906595698139,56.13906595698139,56.13906595698139,56.13906595698139,56.13906595698139,56.13906595698139,56.38101444395868,56.38101444395868,56.38101444395868,56.38101444395868,56.62296293093596,56.62296293093596,56.62296293093596,56.62296293093596,56.62296293093596,56.62296293093596,56.62296293093596,56.62296293093596,56.69620744569407,56.69620744569407,56.69620744569407,56.69620744569407,56.69620744569407,56.69620744569407,56.69620744569407,56.69620744569407,56.69620744569407,56.69620744569407,56.69620744569407,56.69620744569407,56.69620744569407,56.69620744569407,56.69620744569407,56.69620744569407,56.69620744569407,56.69620744569407,56.69620744569407,56.69620744569407,56.69620744569407,56.69620744569407,56.69620744569407,56.69620744569407,56.69620744569407,56.69620744569407,56.69620744569407,56.69620744569407,56.69620744569407,56.69620744569407,56.69620744569407,56.69620744569407,56.69620744569407,56.69620744569407,56.69620744569407,56.69620744569407,56.69620744569407,56.69620744569407,56.69620744569407,56.69620744569407,56.69620744569407,56.69620744569407,56.69620744569407,56.69620744569407,56.69620744569407,56.69620744569407,56.69620744569407,56.69620744569407,56.69620744569407,56.69620744569407,56.69620744569407,56.69620744569407,56.69620744569407,56.69620744569407,56.69620744569407,56.69620744569407,56.69620744569407,56.69620744569407,56.69620744569407,56.69620744569407,56.69620744569407,56.69620744569407,56.69620744569407,56.69620744569407,56.69620744569407,56.69620744569407,56.69620744569407,56.69620744569407,56.69620744569407,56.69620744569407,56.69620744569407,56.69620744569407,56.69620744569407,56.69620744569407,56.69620744569407,56.69620744569407,56.69620744569407,56.69620744569407,56.69620744569407,56.69620744569407,56.69620744569407,56.69620744569407,56.69620744569407,56.69620744569407,56.69620744569407,56.69620744569407,56.69620744569407,56.69620744569407,56.69620744569407,56.69620744569407,56.69620744569407,56.69620744569407,56.69620744569407,56.69620744569407,56.69620744569407,56.69620744569407,56.69620744569407,56.69620744569407
1.1126649808946076,1.9636984005483393,2.814731820202071,3.6657652398558023,4.516798659509534,5.367832079163265,6.218865498816997,7.069898918470728,7.92093233812446,8.771965757778192,9.622999177431923,10.73566415832653,11.586697577980262,12.437730997633993,13.288764417287725,14.139797836941456,14.990831256595188,15.84186467624892,16.954529657143528,18.067194638038135,18.918228057691866,19.769261477345598,20.62029489699933,21.47132831665306,22.322361736306792,23.173395155960524,24.024428575614255,24.875461995267987,25.988126976162594,26.839160395816325,27.951825376710932,28.802858796364664,29.653892216018395,30.504925635672127,30.655846877131456,30.655846877131456,30.91747843837233,30.91747843837233,31.179109999613207,31.179109999613207,31.179109999613207,31.179109999613207,32.12068033447355,32.37496419336007,32.629248052246595,32.89087961348747,33.152511174728346,33.152511174728346,33.40679503361487,33.40679503361487,33.40679503361487,33.40679503361487,33.40679503361487,33.40679503361487,33.40679503361487,33.40679503361487,33.66107889250139,33.66107889250139,33.66107889250139,33.66107889250139,33.66107889250139,34.081384746674466,34.081384746674466,34.081384746674466,34.081384746674466,34.081384746674466,34.081384746674466,34.081384746674466,34.081384746674466,34.081384746674466,34.081384746674466,34.081384746674466,34.081384746674466,34.081384746674466,34.081384746674466,34.232305988133795,34.232305988133795,34.232305988133795,34.232305988133795,34.232305988133795,34.232305988133795,34.232305988133795,34.232305988133795,34.232305988133795,34.232305988133795,34.232305988133795,34.232305988133795,34.232305988133795,34.232305988133795,34.232305988133795,34.232305988133795,34.232305988133795,34.232305988133795,34.232305988133795,34.232305988133795,34.232305988133795,34.232305988133795,34.232305988133795,34.232305988133795,34.232305988133795,34.232305988133795,34.232305988133795,34.232305988133795,34.232305988133795,34.232305988133795,34.232305988133795,34.232305988133795,34.232305988133795,34.232305988133795,34.232305988133795,34.232305988133795,34.232305988133795,34.232305988133795,34.232305988133795,34.232305988133795,34.383227229593125,34.383227229593125,34.383227229593125,34.383227229593125,34.383227229593125,34.383227229593125,34.383227229593125,34.383227229593125,34.383227229593125,34.383227229593125,34.383227229593125,34.383227229593125,34.383227229593125,34.383227229593125,34.383227229593125,34.383227229593125,34.383227229593125,34.383227229593125,34.63751108847965,34.63751108847965,34.63751108847965,34.63751108847965,34.63751108847965,34.63751108847965,34.63751108847965,34.63751108847965,34.63751108847965,34.63751108847965,34.63751108847965,34.63751108847965,34.63751108847965,34.63751108847965,34.63751108847965,34.521884884993476,34.521884884993476,34.521884884993476,34.521884884993476,34.48835906641421,34.48835906641421,34.48835906641421,34.48835906641421,34.48835906641421,34.48835906641421,34.48835906641421,34.48835906641421,34.48835906641421,34.48835906641421,34.48835906641421,34.48835906641421,34.48835906641421,34.48835906641421,34.48835906641421,34.48835906641421,34.48835906641421,34.48835906641421,34.48835906641421,34.48835906641421,34.48835906641421,34.48835906641421,34.48835906641421,34.48835906641421,35.17016374428317,35.17016374428317,35.14149395550943,35.14149395550943,35.14149395550943,35.14149395550943,35.14149395550943,35.14149395550943,35.14149395550943,35.14149395550943,35.14149395550943,35.14149395550943,35.14149395550943,35.14149395550943,35.14149395550943,35.14149395550943,35.14149395550943,35.29241519696876,35.29241519696876,35.29241519696876,35.29241519696876,35.29241519696876,35.29241519696876,35.29241519696876,35.29241519696876,35.29241519696876,35.29241519696876,35.29241519696876,35.29241519696876,35.29241519696876,35.29241519696876,35.29241519696876,35.29241519696876,35.29241519696876,35.29241519696876,35.29241519696876,35.29241519696876,35.29241519696876,35.29241519696876,35.29241519696876,35.29241519696876,35.29241519696876,35.29241519696876,35.29241519696876,35.29241519696876,35.29241519696876,35.29241519696876,35.29241519696876,35.29241519696876,35.29241519696876,35.29241519696876,35.29241519696876,35.29241519696876,35.29241519696876,35.29241519696876,35.29241519696876,35.29241519696876,35.29241519696876,35.29241519696876,35.29241519696876,35.29241519696876,35.29241519696876,35.29241519696876,35.29241519696876,35.29241519696876,35.29241519696876,35.29241519696876,35.29241519696876,35.29241519696876,35.29241519696876,35.29241519696876,35.29241519696876,35.29241519696876,35.29241519696876,35.29241519696876,35.29241519696876,35.29241519696876,35.29241519696876,35.29241519696876,35.29241519696876,35.29241519696876,35.29241519696876,35.29241519696876,35.546699055855285,35.546699055855285,35.546699055855285,35.546699055855285,35.546699055855285,35.546699055855285,35.546699055855285,35.546699055855285,35.546699055855285,35.546699055855285,35.546699055855285,35.546699055855285,35.546699055855285,35.546699055855285,35.546699055855285,35.546699055855285,35.546699055855285,35.546699055855285,35.546699055855285,35.546699055855285,35.546699055855285,35.546699055855285,35.546699055855285,35.546699055855285,35.546699055855285,35.546699055855285,35.546699055855285,35.546699055855285,35.546699055855285,35.546699055855285,35.546699055855285,35.546699055855285,35.546699055855285,35.546699055855285,35.546699055855285,35.546699055855285,35.546699055855285,35.546699055855285,35.546699055855285,35.546699055855285,35.546699055855285
0.8471623551358878,1.6943247102717756,2.5414870654076633,2.5335615110870076,2.5335615110870076,2.5335615110870076,2.5335615110870076,2.813601417913752,3.093641324740496,3.3736812315672404,3.3736812315672404,3.3736812315672404,3.3736812315672404,4.310921846519983,4.310921846519983,4.590961753346727,4.846310443421472,5.1016591334962165,5.1016591334962165,5.38169904032296,5.38169904032296,5.38169904032296,5.38169904032296,5.38169904032296,5.38169904032296,5.661738947149704,5.661738947149704,5.661738947149704,5.917087637224449,5.917087637224449,5.917087637224449,6.1971275440511935,6.1971275440511935,6.1971275440511935,6.1971275440511935,6.1971275440511935,6.1971275440511935,6.1971275440511935,6.1971275440511935,6.1971275440511935,6.1971275440511935,6.1971275440511935,6.1971275440511935,6.1971275440511935,6.1971275440511935,6.1971275440511935,6.1971275440511935,6.477167450877937,6.477167450877937,6.477167450877937,6.757207357704681,6.757207357704681,6.757207357704681,6.757207357704681,6.757207357704681,7.037247264531425,7.037247264531425,7.037247264531425,7.037247264531425,7.037247264531425,7.037247264531425,7.037247264531425,7.037247264531425,7.037247264531425,7.082416882480754,7.082416882480754,7.082416882480754,7.082416882480754,7.082416882480754,7.337765572555498,7.337765572555498,7.337765572555498,7.337765572555498,7.337765572555498,7.337765572555498,7.337765572555498,7.337765572555498,7.337765572555498,7.337765572555498,7.337765572555498,7.337765572555498,7.337765572555498,7.337765572555498,7.337765572555498,7.337765572555498,7.337765572555498,7.337765572555498,7.337765572555498,7.337765572555498,7.337765572555498,7.337765572555498,7.337765572555498,7.337765572555498,7.337765572555498,7.337765572555498,7.337765572555498,7.337765572555498,7.337765572555498,7.337765572555498,7.337765572555498,7.337765572555498,7.337765572555498,7.337765572555498,7.337765572555498,7.337765572555498,7.337765572555498,7.337765572555498,7.337765572555498,7.337765572555498,7.382935190504828,7.382935190504828,7.382935190504828,7.382935190504828,7.382935190504828,7.382935190504828,7.382935190504828,7.638283880579572,7.638283880579572,7.630358326258916,7.630358326258916,7.630358326258916,7.630358326258916,7.630358326258916,7.630358326258916,7.630358326258916,7.630358326258916,7.630358326258916,7.630358326258916,7.630358326258916,7.630358326258916,7.630358326258916,7.630358326258916,7.630358326258916,7.630358326258916,7.630358326258916,7.630358326258916,7.630358326258916,7.630358326258916,7.630358326258916,7.630358326258916,7.630358326258916,7.630358326258916,7.630358326258916,7.630358326258916,7.885707016333661,7.885707016333661,7.885707016333661,7.885707016333661,7.885707016333661,7.885707016333661,7.885707016333661,7.885707016333661,7.885707016333661,7.885707016333661,7.885707016333661,7.885707016333661,7.885707016333661,7.885707016333661,7.885707016333661,7.885707016333661,7.885707016333661,7.885707016333661,7.885707016333661,7.832995796208394,7.832995796208394,7.832995796208394,7.832995796208394,7.832995796208394,7.832995796208394,7.832995796208394,7.832995796208394,7.832995796208394,7.832995796208394,7.832995796208394,7.832995796208394,7.832995796208394,7.832995796208394,7.832995796208394,7.832995796208394,7.832995796208394,7.832995796208394,7.832995796208394,7.832995796208394,7.832995796208394,7.832995796208394,7.832995796208394,7.832995796208394,7.832995796208394,7.832995796208394,7.832995796208394,7.832995796208394,7.832995796208394,7.832995796208394,7.832995796208394,7.832995796208394,7.832995796208394,7.832995796208394,7.832995796208394,7.832995796208394,7.832995796208394,7.832995796208394,7.832995796208394,7.832995796208394,7.832995796208394,7.832995796208394,7.832995796208394,7.832995796208394,7.832995796208394,7.832995796208394,7.832995796208394,7.832995796208394,7.832995796208394,7.832995796208394,7.832995796208394,7.832995796208394,7.832995796208394,8.407347279910937,8.407347279910937,8.461626703403859,8.461626703403859,8.461626703403859,8.461626703403859,8.461626703403859,8.461626703403859,8.461626703403859,8.461626703403859,8.461626703403859,8.461626703403859,8.461626703403859,8.461626703403859,8.461626703403859,8.461626703403859,8.461626703403859,8.461626703403859,8.461626703403859,8.461626703403859,8.87265737433143,8.87265737433143,8.87265737433143,8.87265737433143,8.87265737433143,8.87265737433143,8.87265737433143,8.87265737433143,8.87265737433143,8.87265737433143,8.87265737433143,8.87265737433143,8.87265737433143,8.87265737433143,8.87265737433143,8.87265737433143,8.87265737433143,8.87265737433143,8.87265737433143,8.87265737433143,8.87265737433143,8.87265737433143,8.87265737433143,8.87265737433143,8.87265737433143,8.87265737433143,8.87265737433143,8.87265737433143,8.87265737433143,8.87265737433143,8.87265737433143,8.87265737433143,8.87265737433143,8.87265737433143,8.87265737433143,8.87265737433143,8.87265737433143,8.87265737433143,8.87265737433143,8.87265737433143,8.87265737433143,8.87265737433143,8.87265737433143,8.87265737433143,8.87265737433143,8.87265737433143,8.87265737433143,8.87265737433143,8.87265737433143,8.87265737433143,8.87265737433143,8.87265737433143,8.87265737433143,8.87265737433143,8.87265737433143,8.87265737433143,8.87265737433143,8.87265737433143,8.87265737433143,8.87265737433143,8.87265737433143,8.87265737433143,8.87265737433143,8.87265737433143
0.8859011560069443,2.087617405922424,2.9735185619293683,3.8594197179363126,4.745320873943257,5.631222029950202,6.517123185957146,7.403024341964091,8.288925497971036,9.490641747886515,10.37654290389346,11.262444059900405,12.14834521590735,13.034246371914294,13.92014752792124,13.92014752792124,13.92014752792124,13.92014752792124,13.92014752792124,13.92014752792124,13.92014752792124,13.92014752792124,14.900716833613924,15.145409466892989,15.145409466892989,15.145409466892989,15.390102100172054,15.63479473345112,15.63479473345112,15.63479473345112,15.63479473345112,15.63479473345112,15.63479473345112,15.63479473345112,15.63479473345112,15.950609827359655,16.19530246063872,16.19530246063872,16.19530246063872,16.19530246063872,16.19530246063872,16.19530246063872,16.19530246063872,16.51111755454726,16.51111755454726,16.51111755454726,16.51111755454726,16.51111755454726,16.51111755454726,16.51111755454726,16.826932648455795,16.826932648455795,16.826932648455795,16.826932648455795,16.826932648455795,16.826932648455795,16.826932648455795,16.826932648455795,16.826932648455795,17.383645283841755,17.383645283841755,17.69946037775029,17.69946037775029,17.69946037775029,18.01527547165883,18.01527547165883,18.01527547165883,18.01527547165883,18.01527547165883,18.01527547165883,18.01527547165883,18.01527547165883,18.01527547165883,18.01527547165883,18.01527547165883,18.01527547165883,18.01527547165883,18.01527547165883,18.01527547165883,18.01527547165883,18.01527547165883,18.01527547165883,18.01527547165883,18.01527547165883,18.01527547165883,18.01527547165883,18.01527547165883,18.01527547165883,18.01527547165883,18.01527547165883,18.01527547165883,18.331090565567365,18.6469056594759,18.6469056594759,18.6469056594759,18.6469056594759,18.6469056594759,18.6469056594759,18.6469056594759,18.6469056594759,18.6469056594759,18.6469056594759,18.6469056594759,18.6469056594759,18.804873775380884,18.804873775380884,18.804873775380884,18.804873775380884,18.804873775380884,18.804873775380884,18.804873775380884,18.804873775380884,18.804873775380884,18.804873775380884,18.804873775380884,18.804873775380884,18.804873775380884,18.804873775380884,18.804873775380884,18.804873775380884,18.804873775380884,18.804873775380884,18.804873775380884,18.804873775380884,18.804873775380884,18.804873775380884,19.04956640865995,19.04956640865995,19.04956640865995,19.04956640865995,19.04956640865995,19.04956640865995,19.04956640865995,19.04956640865995,19.04956640865995,19.04956640865995,19.04956640865995,19.04956640865995,19.04956640865995,19.04956640865995,19.04956640865995,19.04956640865995,19.04956640865995,19.04956640865995,19.04956640865995,19.048374697274983,19.048374697274983,19.048374697274983,19.048374697274983,19.048374697274983,19.048374697274983,19.048374697274983,19.048374697274983,19.048374697274983,19.048374697274983,19.048374697274983,19.048374697274983,19.048374697274983,19.048374697274983,19.048374697274983,19.048374697274983,19.048374697274983,19.048374697274983,19.048374697274983,19.048374697274983,19.048374697274983,19.048374697274983,19.048374697274983,19.048374697274983,19.048374697274983,19.048374697274983,19.048374697274983,19.048374697274983,19.048374697274983,19.048374697274983,19.048374697274983,19.048374697274983,19.048374697274983,19.048374697274983,19.048374697274983,19.048374697274983,19.048374697274983,19.048374697274983,19.048374697274983,19.048374697274983,19.048374697274983,19.048374697274983,19.048374697274983,19.048374697274983,19.048374697274983,19.048374697274983,19.048374697274983,19.048374697274983,19.048374697274983,19.048374697274983,19.048374697274983,19.048374697274983,19.048374697274983,19.048374697274983,19.048374697274983,19.048374697274983,19.048374697274983,19.048374697274983,19.048374697274983,19.048374697274983,19.048374697274983,19.048374697274983,19.048374697274983,19.048374697274983,19.048374697274983,19.048374697274983,19.048374697274983,19.048374697274983,19.048374697274983,19.048374697274983,19.048374697274983,19.048374697274983,19.048374697274983,19.048374697274983,19.048374697274983,19.048374697274983,19.048374697274983,19.048374697274983,19.048374697274983,19.048374697274983,19.048374697274983,19.048374697274983,19.048374697274983,19.048374697274983,19.048374697274983,19.048374697274983,19.048374697274983,19.048374697274983,18.945652668937758,18.945652668937758,18.945652668937758,18.88188419593694,18.88188419593694,18.88188419593694,18.88188419593694,18.88188419593694,18.88188419593694,18.88188419593694,18.88188419593694,18.88188419593694,18.88188419593694,18.88188419593694,18.88188419593694,18.88188419593694,18.88188419593694,18.88188419593694,18.88188419593694,18.88188419593694,18.88188419593694,18.88188419593694,18.88188419593694,18.88188419593694,18.88188419593694,18.88188419593694,18.88188419593694,18.88188419593694,18.88188419593694,18.88188419593694,18.88188419593694,18.88188419593694,18.88188419593694,18.88188419593694,18.88188419593694,18.88188419593694,18.88188419593694,18.88188419593694,18.88188419593694,18.88188419593694,18.88188419593694,18.88188419593694,18.88188419593694,18.88188419593694,18.88188419593694,18.88188419593694,18.88188419593694,18.88188419593694,18.88188419593694,18.88188419593694,18.88188419593694,18.88188419593694,18.88188419593694,18.88188419593694,18.88188419593694,18.88188419593694,18.779162167599715,18.779162167599715,18.779162167599715,18.779162167599715,18.779162167599715,18.779162167599715,18.779162167599715,18.779162167599715,18.779162167599715,18.779162167599715,18.779162167599715
0.9108061727313528,1.8216123454627056,2.7324185181940583,3.643224690925411,4.554030863656764,5.464837036388117,6.3756432091194695,7.286449381850822,7.286449381850822,7.286449381850822,7.286449381850822,7.286449381850822,7.286449381850822,7.286449381850822,8.294874525702175,8.532716423626887,8.532716423626887,8.532716423626887,8.532716423626887,8.532716423626887,8.532716423626887,8.532716423626887,8.793129109000402,8.793129109000402,8.793129109000402,9.030971006925114,9.030971006925114,9.030971006925114,9.030971006925114,8.881338916087671,8.881338916087671,8.881338916087671,8.881338916087671,9.144872158995792,9.144872158995792,9.408405401903913,9.408405401903913,9.668818087277428,9.932351330185549,10.17019322811026,10.17019322811026,10.17019322811026,10.585196480421482,10.848729723329603,10.848729723329603,10.848729723329603,10.848729723329603,10.848729723329603,10.848729723329603,10.848729723329603,10.848729723329603,10.848729723329603,10.848729723329603,10.848729723329603,10.848729723329603,10.848729723329603,10.848729723329603,10.848729723329603,10.848729723329603,10.848729723329603,10.848729723329603,10.848729723329603,10.848729723329603,10.848729723329603,10.848729723329603,10.848729723329603,11.112262966237724,11.112262966237724,11.112262966237724,11.112262966237724,11.112262966237724,11.112262966237724,11.112262966237724,11.112262966237724,11.112262966237724,11.112262966237724,11.112262966237724,11.112262966237724,11.112262966237724,11.112262966237724,11.112262966237724,11.375796209145845,12.07016541451179,12.07016541451179,12.07016541451179,12.07016541451179,12.07016541451179,12.07016541451179,12.07016541451179,12.07016541451179,12.07016541451179,12.07016541451179,12.07016541451179,12.07016541451179,12.07016541451179,12.308007312436501,12.045161344959602,12.045161344959602,12.045161344959602,12.045161344959602,12.045161344959602,12.045161344959602,12.045161344959602,12.045161344959602,12.045161344959602,12.045161344959602,12.045161344959602,12.045161344959602,12.045161344959602,12.045161344959602,12.045161344959602,12.045161344959602,12.045161344959602,12.045161344959602,12.045161344959602,12.045161344959602,12.045161344959602,12.045161344959602,12.045161344959602,12.045161344959602,12.045161344959602,12.045161344959602,12.045161344959602,12.045161344959602,12.045161344959602,12.045161344959602,12.045161344959602,12.045161344959602,12.045161344959602,12.045161344959602,12.045161344959602,12.045161344959602,12.045161344959602,12.045161344959602,12.045161344959602,12.045161344959602,12.045161344959602,12.045161344959602,12.045161344959602,12.739530550325547,12.739530550325547,12.739530550325547,13.003063793233668,13.003063793233668,13.003063793233668,13.003063793233668,13.266597036141789,13.589891983364033,13.589891983364033,13.589891983364033,13.589891983364033,13.589891983364033,13.853425226272154,13.853425226272154,13.853425226272154,13.853425226272154,13.853425226272154,13.853425226272154,13.853425226272154,13.853425226272154,14.268428478583376,14.268428478583376,14.268428478583376,14.268428478583376,14.268428478583376,14.268428478583376,14.268428478583376,14.268428478583376,14.268428478583376,14.268428478583376,14.268428478583376,14.268428478583376,14.268428478583376,14.268428478583376,14.268428478583376,14.268428478583376,14.268428478583376,14.268428478583376,14.268428478583376,14.268428478583376,14.268428478583376,14.268428478583376,14.268428478583376,14.268428478583376,14.268428478583376,14.268428478583376,14.268428478583376,14.268428478583376,14.268428478583376,14.268428478583376,14.268428478583376,14.268428478583376,14.268428478583376,14.268428478583376,14.268428478583376,14.268428478583376,14.268428478583376,14.268428478583376,14.268428478583376,14.268428478583376,14.268428478583376,14.268428478583376,14.268428478583376,14.268428478583376,14.268428478583376,14.268428478583376,14.268428478583376,14.268428478583376,14.268428478583376,14.268428478583376,14.268428478583376,14.268428478583376,14.591723425805618,14.591723425805618,14.591723425805618,14.591723425805618,14.591723425805618,14.591723425805618,14.591723425805618,14.591723425805618,14.591723425805618,14.591723425805618,14.591723425805618,14.591723425805618,14.591723425805618,14.591723425805618,14.591723425805618,14.591723425805618,14.591723425805618,14.591723425805618,14.591723425805618,14.591723425805618,14.591723425805618,14.591723425805618,14.591723425805618,15.286092631171563,15.286092631171563,15.286092631171563,15.286092631171563,15.286092631171563,15.286092631171563,15.286092631171563,15.286092631171563,15.286092631171563,15.286092631171563,15.286092631171563,15.286092631171563,15.286092631171563,15.286092631171563,15.286092631171563,15.286092631171563,15.286092631171563,15.286092631171563,15.286092631171563,15.286092631171563,15.286092631171563,15.286092631171563,15.286092631171563,15.286092631171563,15.286092631171563,15.286092631171563,15.286092631171563,15.286092631171563,15.286092631171563,15.286092631171563,15.286092631171563,15.286092631171563,15.286092631171563,15.286092631171563,15.286092631171563,15.286092631171563,15.286092631171563,15.286092631171563,15.286092631171563,15.286092631171563,15.286092631171563,15.286092631171563,15.286092631171563,15.286092631171563,15.286092631171563,15.286092631171563,15.286092631171563,15.286092631171563,15.286092631171563,15.286092631171563,15.286092631171563,15.286092631171563,15.286092631171563,15.286092631171563,15.286092631171563,15.286092631171563,15.286092631171563,15.286092631171563,15.286092631171563,15.286092631171563,15.286092631171563,15.286092631171563,15.286092631171563,15.286092631171563,15.286092631171563
0.8410300340645118,1.6820600681290236,2.5230901021935352,3.6843697355385734,4.525399769603085,5.3664298036675975,6.2074598377321095,7.048489871796622,7.889519905861134,8.730549939925645,9.891829573270682,10.732859607335193,11.573889641399704,12.414919675464215,13.255949709528727,14.096979743593238,14.938009777657749,15.77903981172226,16.620069845786773,17.461099879851286,18.3021299139158,19.463409547260838,20.30443958132535,21.145469615389864,21.986499649454377,22.82752968351889,23.668559717583403,24.509589751647916,25.670869384992955,26.511899419057467,27.35292945312198,28.193959487186493,28.11638461898668,28.436634218267205,28.436634218267205,28.436634218267205,28.436634218267205,28.436634218267205,28.436634218267205,28.436634218267205,29.36701593626792,29.36701593626792,29.561387494877543,29.818423030186434,29.818423030186434,29.818423030186434,29.818423030186434,29.818423030186434,29.818423030186434,29.818423030186434,29.818423030186434,29.818423030186434,30.13867262946696,30.13867262946696,30.13867262946696,30.13867262946696,30.13867262946696,30.13867262946696,30.13867262946696,30.13867262946696,30.13867262946696,30.13867262946696,30.13867262946696,30.13867262946696,30.13867262946696,30.13867262946696,30.302426982554774,30.6226765818353,30.6226765818353,30.6226765818353,30.942926181115826,30.942926181115826,30.942926181115826,30.942926181115826,30.942926181115826,30.942926181115826,30.88596189068004,30.88596189068004,30.88596189068004,31.206211489960566,31.526461089241092,31.526461089241092,31.526461089241092,31.448886221041278,31.448886221041278,31.448886221041278,31.448886221041278,31.448886221041278,31.448886221041278,31.448886221041278,31.448886221041278,31.448886221041278,31.448886221041278,31.448886221041278,31.448886221041278,31.448886221041278,31.448886221041278,31.448886221041278,31.448886221041278,31.448886221041278,31.448886221041278,31.448886221041278,31.448886221041278,31.448886221041278,31.448886221041278,31.448886221041278,31.448886221041278,31.448886221041278,31.448886221041278,31.643860059515685,31.900895594824576,31.900895594824576,31.900895594824576,31.900895594824576,31.900895594824576,31.900895594824576,31.900895594824576,31.900895594824576,31.900895594824576,31.900895594824576,31.900895594824576,31.900895594824576,31.900895594824576,32.15793113013347,32.15793113013347,32.15793113013347,32.15793113013347,32.15793113013347,32.15793113013347,32.15793113013347,32.15793113013347,32.15793113013347,32.15793113013347,32.15793113013347,32.15793113013347,32.414966665442364,32.414966665442364,32.414966665442364,32.36021267078292,32.36021267078292,32.36021267078292,32.36021267078292,32.36021267078292,32.36021267078292,32.36021267078292,32.36021267078292,32.36021267078292,32.36021267078292,32.36021267078292,32.36021267078292,32.36021267078292,32.36021267078292,32.30545867612348,32.30545867612348,32.30545867612348,32.30545867612348,32.30545867612348,32.30545867612348,32.30545867612348,32.30545867612348,32.30545867612348,32.30545867612348,32.30545867612348,32.30545867612348,32.30545867612348,32.30545867612348,32.30545867612348,32.30545867612348,32.30545867612348,32.30545867612348,32.30545867612348,32.30545867612348,32.30545867612348,32.30545867612348,32.30545867612348,32.30545867612348,32.30545867612348,32.30545867612348,32.30545867612348,32.30545867612348,32.30545867612348,32.30545867612348,32.30545867612348,32.30545867612348,32.30545867612348,32.30545867612348,32.30545867612348,32.30545867612348,32.30545867612348,32.30545867612348,32.30545867612348,32.30545867612348,32.30545867612348,32.30545867612348,32.30545867612348,32.30545867612348,32.30545867612348,32.30545867612348,32.30545867612348,32.30545867612348,32.30545867612348,32.30545867612348,32.30545867612348,32.30545867612348,32.30545867612348,32.30545867612348,32.30545867612348,32.30545867612348,32.30545867612348,32.30545867612348,32.30545867612348,32.30545867612348,32.30545867612348,32.30545867612348,32.30545867612348,32.30545867612348,32.30545867612348,32.4998302347331,32.67152897928882,32.67152897928882,32.67152897928882,32.67152897928882,32.67152897928882,32.67152897928882,32.67152897928882,32.67152897928882,32.67152897928882,32.67152897928882,32.67152897928882,32.67152897928882,32.67152897928882,32.67152897928882,32.67152897928882,32.67152897928882,32.67152897928882,32.67152897928882,32.67152897928882,32.67152897928882,32.67152897928882,32.67152897928882,32.58673231242971,32.58673231242971,32.58673231242971,32.58673231242971,32.58673231242971,32.58673231242971,32.58673231242971,32.58673231242971,32.58673231242971,32.58673231242971,32.58673231242971,32.58673231242971,32.58673231242971,32.58673231242971,32.58673231242971,32.58673231242971,32.58673231242971,32.58673231242971,32.58673231242971,32.58673231242971,32.58673231242971,32.58673231242971,33.10548114383286,33.10548114383286,33.10548114383286,33.10548114383286,33.10548114383286,33.10548114383286,33.10548114383286,33.10548114383286,33.10548114383286,33.10548114383286,33.10548114383286,33.10548114383286,33.10548114383286,33.10548114383286,33.10548114383286,33.10548114383286,33.10548114383286,33.10548114383286,33.10548114383286,33.10548114383286,33.10548114383286,33.10548114383286,33.10548114383286,33.10548114383286,33.10548114383286,33.10548114383286,33.10548114383286,33.10548114383286,33.10548114383286,33.10548114383286,33.10548114383286,33.10548114383286,33.10548114383286,33.10548114383286,33.10548114383286,33.10548114383286,33.10548114383286,33.10548114383286
0.8715031585708586,1.7430063171417172,2.614509475712576,3.4860126342834343,4.51618626585763,5.387689424428489,6.259192582999347,7.1306957415702055,8.160869373144402,9.03237253171526,9.90387569028612,10.775378848856977,11.646882007427836,12.518385165998694,13.389888324569553,14.261391483140411,15.13289464171127,16.004397800282128,16.875900958852988,17.747404117423848,18.618907275994708,19.490410434565568,20.36191359313643,21.23341675170729,22.10491991027815,22.97642306884901,23.84792622741987,24.71942938599073,25.59093254456159,26.46243570313245,27.33393886170331,28.20544202027417,29.07694517884503,29.94844833741589,30.81995149598675,31.69145465455761,32.56295781312847,33.43446097169933,34.51305634021379,35.38455949878465,36.4631548672991,37.33465802586996,38.20616118444082,39.07766434301168,39.949167501582544,40.820670660153404,41.692173818724264,42.563676977295124,43.435180135865984,44.306683294436844,45.178186453007704,46.049689611578565,46.921192770149425,47.792695928720285,48.664199087291145,49.535702245862005,50.407205404432865,51.278708563003725,52.35730393151818,53.22880709008904,54.1003102486599,54.97181340723076,55.84331656580162,56.71481972437248,57.58632288294334,58.4578260415142,59.32932920008506,60.20083235865592,61.07233551722678,61.94383867579764,62.8153418343685,63.68684499293936,64.55834815151022,65.42985131008108,66.30135446865194,67.3799498371664,68.25145299573725,69.12295615430811,69.99445931287897,70.86596247144983,71.7374656300207,72.60896878859155,73.48047194716241,74.35197510573327,75.22347826430413,76.094981422875,76.96648458144585,77.83798774001671,78.70949089858757,79.58099405715843,80.4524972157293,81.32400037430016,82.19550353287102,83.06700669144188,83.93850985001274,84.8100130085836,85.68151616715446,86.55301932572532,87.42452248429618,87.4040755992485,87.4040755992485,87.4040755992485,87.4040755992485,87.4040755992485,87.4040755992485,88.36854098937965,88.36854098937965,88.36854098937965,88.61719414479603,88.61719414479603,88.61719414479603,88.61719414479603,88.61719414479603,88.61719414479603,88.86584730021241,89.11450045562879,89.36315361104516,89.61180676646154,89.61180676646154,89.61180676646154,89.61180676646154,89.61180676646154,89.61180676646154,89.61180676646154,89.61180676646154,89.61180676646154,89.61180676646154,89.61180676646154,89.61180676646154,89.61180676646154,89.81889897640514,89.81889897640514,89.81889897640514,89.81889897640514,89.81889897640514,89.81889897640514,89.81889897640514,89.81889897640514,89.81889897640514,89.81889897640514,89.81889897640514,89.81889897640514,89.81889897640514,89.81889897640514,89.81889897640514,89.81889897640514,89.81889897640514,89.81889897640514,89.81889897640514,89.82240479388066,89.82240479388066,89.82240479388066,89.82240479388066,89.82240479388066,89.82240479388066,89.82240479388066,89.82240479388066,89.82240479388066,89.82240479388066,89.82240479388066,89.82240479388066,89.82240479388066,89.82240479388066,89.82240479388066,89.82240479388066,89.80195790883299,89.80195790883299,89.80195790883299,90.00905011877659,90.00905011877659,90.00905011877659,90.00905011877659,90.00905011877659,90.00905011877659,90.25770327419296,90.25770327419296,90.25770327419296,90.25770327419296,90.25770327419296,90.25770327419296,90.25770327419296,90.25770327419296,90.25770327419296,90.25770327419296,90.25770327419296,90.25770327419296,90.25770327419296,90.25770327419296,90.25770327419296,90.25770327419296,90.25770327419296,90.25770327419296,90.25770327419296,90.67052478111789,90.67052478111789,90.67052478111789,90.67052478111789,90.67052478111789,90.67052478111789,90.67052478111789,90.67052478111789,90.67052478111789,90.67052478111789,90.67052478111789,90.67052478111789,90.91917793653427,90.91917793653427,90.91917793653427,90.91917793653427,90.91917793653427,90.91917793653427,90.91917793653427,90.91917793653427,90.91917793653427,90.91917793653427,90.91917793653427,90.91917793653427,90.91917793653427,90.91917793653427,90.91917793653427,90.91917793653427,90.91917793653427,90.91917793653427,91.12627014647786,91.12627014647786,91.12627014647786,91.12627014647786,91.200376708808,91.200376708808,91.200376708808,91.200376708808,91.200376708808,91.200376708808,91.200376708808,91.200376708808,91.200376708808,91.200376708808,91.200376708808,91.200376708808,91.24701402645334,91.24701402645334,91.24701402645334,91.24701402645334,91.24701402645334,91.24701402645334,91.08834355345,91.08834355345,91.08834355345,91.08834355345,91.08834355345,90.92967308044666,90.92967308044666,90.92967308044666,90.92967308044666,90.92967308044666,90.92967308044666,90.92967308044666,90.92967308044666,90.92967308044666,90.92967308044666,90.92967308044666,90.92967308044666,90.97631039809201,90.97631039809201,90.97631039809201,90.97631039809201,90.97631039809201,90.97631039809201,90.97631039809201,90.97631039809201,90.97631039809201,90.97631039809201,90.97631039809201,90.97631039809201,90.97631039809201,90.97631039809201,91.1834026080356,91.1834026080356,91.1834026080356,91.1834026080356,91.1834026080356,91.1834026080356,91.18690842551113,91.18690842551113,91.18690842551113,91.18690842551113,91.18690842551113,91.18690842551113,91.18690842551113,91.18690842551113,91.18690842551113,91.18690842551113,91.18690842551113,91.18690842551113,91.18690842551113,91.75382482529295,91.75382482529295,91.75382482529295,91.75382482529295,91.75382482529295
0.8893664296418617,1.7787328592837235,2.6680992889255855,3.557465718567447,4.4468321482093085,5.33619857785117,6.2255650074930315,7.114931437134893,8.004297866776755,8.893664296418617,9.78303072606048,10.672397155702342,11.561763585344204,12.451130014986067,13.340496444627929,14.229862874269791,14.221470353459166,14.221470353459166,14.221470353459166,14.221470353459166,14.570611519787999,14.919752686116833,15.783149912018885,16.13229107834772,16.13229107834772,16.13229107834772,16.376030503168188,16.619769927988656,16.863509352809125,16.863509352809125,16.863509352809125,17.21265051913796,17.456389943958428,17.456389943958428,17.456389943958428,17.456389943958428,17.805531110287262,18.04927053510773,18.398411701436565,18.398411701436565,18.398411701436565,18.398411701436565,18.398411701436565,18.7475528677654,18.991292292585868,18.991292292585868,18.991292292585868,18.991292292585868,19.340433458914703,19.340433458914703,19.340433458914703,19.689574625243537,19.689574625243537,19.689574625243537,19.689574625243537,19.689574625243537,19.689574625243537,19.689574625243537,19.689574625243537,19.689574625243537,19.689574625243537,19.689574625243537,19.689574625243537,20.038715791572372,20.038715791572372,20.038715791572372,20.038715791572372,20.038715791572372,20.038715791572372,20.038715791572372,20.038715791572372,20.038715791572372,20.038715791572372,20.038715791572372,20.038715791572372,20.038715791572372,20.038715791572372,20.038715791572372,20.038715791572372,20.038715791572372,20.038715791572372,20.038715791572372,20.28245521639284,20.28245521639284,20.28245521639284,20.28245521639284,20.28245521639284,20.28245521639284,20.28245521639284,20.28245521639284,20.28245521639284,20.28245521639284,20.28245521639284,20.28245521639284,20.28245521639284,20.28245521639284,20.28245521639284,20.28245521639284,20.28245521639284,20.28245521639284,20.28245521639284,20.28245521639284,20.28245521639284,20.28245521639284,20.28245521639284,20.28245521639284,20.28245521639284,20.28245521639284,20.28245521639284,20.28245521639284,20.28245521639284,20.28245521639284,20.28245521639284,20.28245521639284,20.28245521639284,20.28245521639284,20.28245521639284,20.28245521639284,20.28245521639284,20.28245521639284,20.28245521639284,20.28245521639284,20.28245521639284,20.28245521639284,20.28245521639284,20.28245521639284,20.28245521639284,20.28245521639284,20.28245521639284,20.28245521639284,20.28245521639284,20.28245521639284,20.28245521639284,20.28245521639284,20.28245521639284,20.28245521639284,20.28245521639284,20.274062695582217,20.274062695582217,20.274062695582217,20.274062695582217,20.274062695582217,20.274062695582217,20.265670174771593,20.265670174771593,20.265670174771593,20.265670174771593,20.265670174771593,20.265670174771593,20.265670174771593,20.265670174771593,20.265670174771593,20.265670174771593,20.265670174771593,20.265670174771593,20.265670174771593,20.265670174771593,20.265670174771593,20.265670174771593,20.265670174771593,20.265670174771593,20.265670174771593,20.265670174771593,20.265670174771593,20.265670174771593,20.265670174771593,20.265670174771593,20.265670174771593,20.265670174771593,20.265670174771593,20.265670174771593,20.265670174771593,20.265670174771593,20.12533435272758,20.12533435272758,20.12533435272758,20.12533435272758,20.12533435272758,20.12533435272758,20.12533435272758,20.12533435272758,20.12533435272758,20.12533435272758,20.12533435272758,20.12533435272758,20.12533435272758,20.12533435272758,20.116941831916954,20.116941831916954,20.116941831916954,20.116941831916954,20.116941831916954,20.116941831916954,20.116941831916954,20.116941831916954,20.116941831916954,20.116941831916954,20.116941831916954,20.116941831916954,20.116941831916954,20.116941831916954,20.116941831916954,20.116941831916954,20.116941831916954,20.116941831916954,20.116941831916954,20.116941831916954,20.116941831916954,20.116941831916954,20.116941831916954,20.116941831916954,20.116941831916954,20.116941831916954,20.116941831916954,20.116941831916954,20.116941831916954,20.116941831916954,20.116941831916954,20.116941831916954,20.25301242427275,20.25301242427275,20.25301242427275,20.25301242427275,20.25301242427275,20.25301242427275,20.25301242427275,20.25301242427275,20.25301242427275,20.25301242427275,20.25301242427275,20.25301242427275,20.25301242427275,20.25301242427275,20.25301242427275,20.25301242427275,20.25301242427275,20.25301242427275,20.25301242427275,20.25301242427275,20.24163357234763,20.24163357234763,20.24163357234763,20.24163357234763,20.24163357234763,20.24163357234763,20.24163357234763,20.24163357234763,20.24163357234763,20.24163357234763,20.24163357234763,20.24163357234763,20.24163357234763,20.24163357234763,20.24163357234763,20.24163357234763,21.00593389820772,21.00593389820772,21.00593389820772,21.00593389820772,21.00593389820772,21.00593389820772,21.00593389820772,21.00593389820772,21.00593389820772,21.00593389820772,21.00593389820772,21.00593389820772,21.00593389820772,21.00593389820772,21.00593389820772,21.00593389820772,21.00593389820772,21.00593389820772,21.00593389820772,21.00593389820772,21.00593389820772,21.00593389820772,21.00593389820772,21.00593389820772,21.00593389820772,21.00593389820772,21.00593389820772,21.00593389820772,21.00593389820772,21.00593389820772,21.00593389820772,21.00593389820772,21.00593389820772,21.00593389820772,21.00593389820772,21.00593389820772,21.00593389820772,21.142004490563515,21.142004490563515,21.142004490563515,21.142004490563515,21.142004490563515,21.142004490563515,21.142004490563515,21.142004490563515
0.8538032664768993,1.7076065329537986,2.561409799430698,3.415213065907597,4.2690163323844965,5.122819598861396,5.976622865338295,6.830426131815194,7.684229398292094,8.538032664768993,9.391835931245893,10.245639197722792,11.09944246419969,11.953245730676588,12.807048997153487,13.660852263630385,14.514655530107284,15.368458796584182,16.22226206306108,17.07606532953798,17.929868596014877,18.783671862491776,19.637475128968674,20.491278395445573,21.34508166192247,22.19888492839937,23.052688194876268,23.906491461353166,24.760294727830065,25.614097994306963,26.46790126078386,27.32170452726076,28.17550779373766,29.029311060214557,29.883114326691455,30.736917593168354,31.590720859645252,32.87620542722809,33.730008693704995,34.5838119601819,35.86929652776474,36.72309979424164,37.57690306071854,38.862387628301384,39.716190894778286,40.56999416125519,41.42379742773209,42.27760069420899,43.131403960685894,43.985207227162796,44.14112311474681,44.14112311474681,44.14112311474681,43.959778744794036,43.959778744794036,43.959778744794036,43.959778744794036,43.959778744794036,43.959778744794036,43.959778744794036,43.959778744794036,44.391460045899976,45.3361284073822,45.589650352001904,45.589650352001904,45.589650352001904,45.589650352001904,45.84317229662161,45.84317229662161,45.84317229662161,45.84317229662161,45.84317229662161,45.84317229662161,45.84317229662161,45.84317229662161,46.27485359772755,46.27485359772755,46.27485359772755,46.27485359772755,46.27485359772755,46.27485359772755,46.70653489883349,46.960056843453195,46.960056843453195,46.960056843453195,47.391738144559135,47.391738144559135,47.391738144559135,47.391738144559135,47.391738144559135,47.391738144559135,47.391738144559135,47.391738144559135,47.391738144559135,47.59780684736728,47.59780684736728,47.59780684736728,47.59780684736728,47.59780684736728,47.59780684736728,47.59780684736728,47.59780684736728,47.59780684736728,47.59780684736728,47.59780684736728,47.59780684736728,47.59780684736728,47.59780684736728,47.59780684736728,47.59780684736728,47.416462477414505,47.416462477414505,47.71404460806553,47.71404460806553,47.71404460806553,47.71404460806553,47.71404460806553,47.71404460806553,47.71404460806553,47.71404460806553,47.71404460806553,47.71404460806553,47.71404460806553,47.71404460806553,47.71404460806553,47.71404460806553,47.71404460806553,47.71404460806553,47.71404460806553,47.71404460806553,47.71404460806553,47.71404460806553,47.71404460806553,47.71404460806553,48.14572590917147,48.14572590917147,48.57740721027741,48.57740721027741,48.57740721027741,48.57740721027741,48.57740721027741,48.57740721027741,48.57740721027741,48.57740721027741,48.57740721027741,48.57740721027741,48.57740721027741,48.57740721027741,48.57740721027741,48.57740721027741,48.57740721027741,48.57740721027741,48.57740721027741,48.57740721027741,48.57740721027741,48.57740721027741,48.57740721027741,48.57740721027741,48.57740721027741,48.57740721027741,48.57740721027741,48.57740721027741,48.57740721027741,48.57740721027741,48.57740721027741,48.57740721027741,48.57740721027741,48.57740721027741,48.57740721027741,48.83092915489711,48.83092915489711,48.83092915489711,48.83092915489711,48.83092915489711,48.83092915489711,48.83092915489711,48.83092915489711,48.83092915489711,48.83092915489711,48.83092915489711,48.83092915489711,48.83092915489711,48.83092915489711,48.83092915489711,48.83092915489711,48.83092915489711,48.83092915489711,48.83092915489711,48.83092915489711,48.83092915489711,48.83092915489711,48.83092915489711,48.83092915489711,48.83092915489711,48.83092915489711,48.83092915489711,48.83092915489711,48.83092915489711,48.83092915489711,48.83092915489711,48.83092915489711,48.83092915489711,48.83092915489711,48.83092915489711,48.83092915489711,48.83092915489711,48.83092915489711,48.83092915489711,48.83092915489711,48.83092915489711,48.83092915489711,48.83092915489711,48.83092915489711,48.83092915489711,48.83092915489711,48.83092915489711,48.83092915489711,48.83092915489711,48.87098178746124,48.87098178746124,48.87098178746124,48.87098178746124,48.87098178746124,48.87098178746124,48.87098178746124,48.87098178746124,48.87098178746124,48.87098178746124,48.87098178746124,48.87098178746124,48.87098178746124,48.87098178746124,48.87098178746124,48.87098178746124,48.87098178746124,48.87098178746124,49.124503732080946,49.124503732080946,49.124503732080946,49.124503732080946,49.124503732080946,49.124503732080946,49.124503732080946,49.124503732080946,49.124503732080946,49.124503732080946,49.124503732080946,49.124503732080946,49.124503732080946,49.124503732080946,49.124503732080946,49.124503732080946,49.124503732080946,49.124503732080946,49.124503732080946,49.124503732080946,49.124503732080946,49.124503732080946,49.124503732080946,49.124503732080946,49.190770535944246,49.190770535944246,49.190770535944246,49.190770535944246,49.190770535944246,49.190770535944246,49.190770535944246,49.190770535944246,49.190770535944246,49.190770535944246,49.190770535944246,49.190770535944246,49.190770535944246,49.190770535944246,49.190770535944246,49.190770535944246,49.190770535944246,49.190770535944246,49.190770535944246,49.190770535944246,49.44429248056395,49.44429248056395,49.44429248056395,49.44429248056395,49.44429248056395,49.44429248056395,49.44429248056395,49.44429248056395,49.44429248056395,49.44429248056395,49.44429248056395,49.44429248056395,49.44429248056395,49.44429248056395,49.44429248056395,49.44429248056395,49.44429248056395,49.44429248056395,49.44429248056395,49.44429248056395
0.8701425325265455,1.740285065053091,2.6104275975796365,3.480570130106182,4.350712662632727,5.220855195159272,6.090997727685817,6.961140260212362,7.831282792738907,9.040613033660934,9.910755566187479,10.780898098714024,11.990228339636051,12.860370872162596,13.730513404689141,14.600655937215686,15.470798469742231,16.340941002268778,17.211083534795325,18.08122606732187,18.95136859984842,20.160698840770443,21.03084137329699,22.240171614219015,23.110314146745562,23.98045667927211,24.850599211798656,25.720741744325203,26.59088427685175,27.461026809378296,28.331169341904843,29.20131187443139,30.071454406957937,30.941596939484484,31.81173947201103,32.68188200453758,33.55202453706412,34.422167069590664,35.29230960211721,36.16245213464375,37.032594667170294,38.24192490809232,39.112067440618866,40.321397681540894,41.19154021406744,42.06168274659398,43.27101298751601,44.14115552004255,45.011298052569096,45.88144058509564,46.75158311762218,47.621725650148726,48.49186818267527,49.36201071520181,50.232153247728355,51.1022957802549,51.97243831278144,52.842580845307985,53.71272337783453,54.58286591036107,55.453008442887615,56.32315097541416,57.1932935079407,58.063436040467245,58.93357857299379,59.80372110552033,60.673863638046875,61.54400617057342,62.75333641149545,63.962666652417475,64.83280918494403,65.70295171747057,66.57309424999711,67.44323678252366,68.3133793150502,69.18352184757674,70.05366438010329,70.92380691262983,71.79394944515637,72.66409197768292,73.87342221860494,74.74356475113149,75.61370728365803,76.48384981618457,77.35399234871112,78.22413488123766,79.0942774137642,79.96441994629075,80.83456247881729,81.70470501134383,82.57484754387038,83.44499007639692,84.31513260892346,85.18527514145,86.05541767397655,86.92556020650309,87.79570273902964,88.66584527155618,89.53598780408272,90.40613033660927,91.27627286913581,92.14641540166235,93.0165579341889,93.88670046671544,94.75684299924198,95.62698553176853,96.49712806429507,97.36727059682161,98.23741312934816,99.1075556618747,99.97769819440124,100.84784072692779,101.71798325945433,102.58812579198087,103.45826832450742,104.32841085703396,105.1985533895605,106.06869592208704,106.93883845461359,107.80898098714013,108.67912351966667,109.54926605219322,110.41940858471976,111.2895511172463,112.15969364977285,113.02983618229939,113.89997871482593,114.77012124735248,115.64026377987902,116.51040631240556,117.38054884493211,118.25069137745865,119.1208339099852,119.99097644251174,120.86111897503828,121.73126150756482,122.60140404009137,123.47154657261791,124.34168910514445,124.54567536801558,124.54567536801558,124.54567536801558,124.54567536801558,124.54567536801558,124.54567536801558,124.7496616308867,124.7496616308867,124.7496616308867,124.7496616308867,124.7496616308867,124.7496616308867,124.7496616308867,125.71260518389948,125.71260518389948,125.9616326128628,126.21066004182612,126.21066004182612,126.21066004182612,126.21066004182612,126.21066004182612,126.21066004182612,126.21066004182612,126.21066004182612,126.21066004182612,126.21066004182612,126.21066004182612,126.45968747078943,126.45968747078943,126.45968747078943,126.45968747078943,126.45968747078943,126.45968747078943,126.45968747078943,126.45968747078943,126.45968747078943,126.45968747078943,126.45968747078943,126.24790996262529,126.24790996262529,126.24790996262529,126.24790996262529,126.24790996262529,126.24790996262529,126.24790996262529,126.24790996262529,126.24790996262529,126.24790996262529,126.24790996262529,126.24790996262529,126.24790996262529,126.24790996262529,126.24790996262529,126.24790996262529,126.24790996262529,126.24790996262529,126.24790996262529,126.24790996262529,126.24790996262529,126.24790996262529,126.24790996262529,126.24790996262529,126.24790996262529,126.24790996262529,126.24790996262529,126.24790996262529,126.24790996262529,126.24790996262529,126.24790996262529,126.24790996262529,126.24790996262529,126.24790996262529,126.24790996262529,126.24790996262529,126.24790996262529,126.24790996262529,126.24790996262529,126.24790996262529,126.24790996262529,126.24790996262529,126.24790996262529,126.24790996262529,126.24790996262529,126.24790996262529,126.24790996262529,126.24790996262529,126.24790996262529,126.24790996262529,126.24790996262529,126.24790996262529,126.24790996262529,126.24790996262529,126.24790996262529,126.24790996262529,126.24790996262529,126.24790996262529,126.4969373915886,126.4969373915886,126.4969373915886,126.4969373915886,126.4969373915886,126.4969373915886,126.4969373915886,126.4969373915886,126.4969373915886,126.4969373915886,126.4969373915886,126.4969373915886,126.4969373915886,126.4969373915886,126.4969373915886,126.4969373915886,126.4969373915886,126.4969373915886,126.4969373915886,126.4969373915886,126.4969373915886,126.4969373915886,126.4969373915886,126.4969373915886,126.4969373915886,126.4969373915886,126.4969373915886,126.4969373915886,126.4969373915886,126.4969373915886,126.4969373915886,126.4969373915886,126.4969373915886,126.4969373915886,126.4969373915886,126.4969373915886,126.4969373915886,126.4969373915886,126.4969373915886,126.4969373915886,126.4969373915886,126.4969373915886,126.4969373915886,126.4969373915886,126.74596482055192,126.74596482055192,126.74596482055192,126.74596482055192,126.74596482055192,126.74596482055192,126.74596482055192,126.74596482055192,126.74812328027022,126.74812328027022,126.74812328027022,126.74812328027022,126.74812328027022,126.74812328027022,126.74812328027022,126.74812328027022,126.74812328027022,126.74812328027022,126.74812328027022,126.74812328027022,126.74812328027022
0.8551297248601974,1.710259449720395,2.5653891745805923,3.42051889944079,4.275648624300987,5.130778349161185,5.985908074021382,6.84103779888158,8.075303572458921,8.93043329731912,9.785563022179318,10.640692747039516,11.495822471899714,12.350952196759913,13.206081921620111,14.06121164648031,14.916341371340508,15.771471096200706,16.626600821060904,17.481730545921103,18.3368602707813,19.1919899956415,20.047119720501698,21.28138549407904,22.136515218939238,22.991644943799436,23.846774668659634,24.701904393519833,25.55703411838003,26.791299891957372,27.64642961681757,28.50155934167777,29.73582511525511,30.59095484011531,31.446084564975507,32.301214289835706,33.156344014695904,34.0114737395561,35.245739513133444,36.10086923799364,37.33513501157098,38.569400785148325,39.42453051000852,40.27966023486872,41.13478995972892,41.98991968458912,42.84504940944932,43.700179134309515,44.55530885916971,45.789574632747055,46.64470435760725,47.49983408246745,48.35496380732765,49.21009353218785,50.065223257048046,50.920352981908245,51.77548270676844,52.63061243162864,53.48574215648884,54.34087188134904,55.19600160620924,56.051131331069435,56.90626105592963,57.76139078078983,58.61652050565003,59.47165023051023,60.32677995537043,61.181909680230625,62.03703940509082,62.89216912995102,63.128722999043006,63.128722999043006,63.128722999043006,63.128722999043006,63.128722999043006,63.128722999043006,63.128722999043006,63.128722999043006,64.07487498169513,64.07487498169513,64.32803205142064,64.58118912114614,64.58118912114614,64.58118912114614,64.58118912114614,64.70870128568565,64.70870128568565,64.70870128568565,64.70870128568565,64.70870128568565,64.70870128568565,64.70870128568565,64.70870128568565,64.70870128568565,64.70870128568565,64.96185835541115,64.96185835541115,64.96185835541115,64.96185835541115,64.96185835541115,64.96185835541115,64.96185835541115,64.96185835541115,64.96185835541115,64.96185835541115,64.96185835541115,64.96185835541115,64.96185835541115,64.96185835541115,64.96185835541115,64.58272230669401,64.58272230669401,64.58272230669401,64.58272230669401,64.58272230669401,64.58272230669401,64.58272230669401,64.58272230669401,64.58272230669401,64.58272230669401,64.58272230669401,64.58272230669401,64.58272230669401,64.58272230669401,64.58272230669401,64.58272230669401,64.58272230669401,64.83587937641951,64.83587937641951,64.83587937641951,64.83587937641951,64.83587937641951,64.83587937641951,64.83587937641951,64.83587937641951,64.83587937641951,64.83587937641951,64.83587937641951,64.83587937641951,65.3492592283038,65.3492592283038,65.3492592283038,65.3492592283038,65.3492592283038,65.3492592283038,65.3492592283038,65.3492592283038,65.3492592283038,65.3492592283038,65.3492592283038,65.3492592283038,65.3492592283038,65.3492592283038,65.3492592283038,65.7426869701723,65.7426869701723,65.7426869701723,65.7426869701723,65.36355092145516,65.36355092145516,65.36355092145516,65.36355092145516,65.36355092145516,65.36355092145516,65.36355092145516,65.36355092145516,65.36355092145516,65.36355092145516,65.36355092145516,65.36355092145516,65.36355092145516,65.87693077333944,65.87693077333944,65.95323383821732,65.95323383821732,65.95323383821732,65.95323383821732,65.95323383821732,66.02953690309519,66.02953690309519,65.98594189916007,66.06224496403794,66.06224496403794,66.06224496403794,66.06224496403794,66.06224496403794,66.06224496403794,66.46614908637066,66.46614908637066,66.46614908637066,66.46614908637066,66.46614908637066,66.46614908637066,66.46614908637066,66.46614908637066,66.46614908637066,66.46614908637066,66.46614908637066,66.46614908637066,66.59366125091017,66.59366125091017,66.59366125091017,66.59366125091017,66.59366125091017,66.59366125091017,66.59366125091017,66.59366125091017,66.59366125091017,66.59366125091017,66.59366125091017,66.59366125091017,66.59366125091017,66.59366125091017,66.59366125091017,66.59366125091017,66.59366125091017,66.59366125091017,66.99756537324289,66.99756537324289,66.99756537324289,66.99756537324289,66.99756537324289,66.99756537324289,66.99756537324289,66.99756537324289,66.99756537324289,66.99756537324289,66.99756537324289,66.99756537324289,66.99756537324289,66.99756537324289,66.99756537324289,66.99756537324289,66.99756537324289,66.99756537324289,66.99756537324289,66.99756537324289,66.99756537324289,66.99756537324289,66.91075565523938,66.91075565523938,66.91075565523938,66.91075565523938,66.91075565523938,66.91075565523938,66.91075565523938,66.91075565523938,66.91075565523938,66.91075565523938,66.91075565523938,66.91075565523938,66.91075565523938,66.91075565523938,66.91075565523938,66.91075565523938,66.91075565523938,66.91075565523938,66.91075565523938,66.91075565523938,66.91075565523938,66.91075565523938,66.91075565523938,66.91075565523938,66.91075565523938,66.91075565523938,66.91075565523938,66.91075565523938,66.91075565523938,66.91075565523938,66.91075565523938,66.91075565523938,66.91075565523938,66.91075565523938,66.91075565523938,66.91075565523938,66.91075565523938,66.91075565523938,66.91075565523938,66.91075565523938,66.91075565523938,66.91075565523938,66.91075565523938,66.91075565523938,66.91075565523938,66.91075565523938,66.91075565523938,66.91075565523938,66.86716065130426,66.86716065130426,66.86716065130426,66.86716065130426,66.86716065130426,66.86716065130426,66.86716065130426,66.86716065130426,66.86716065130426,66.86716065130426,66.86716065130426,66.86716065130426,66.86716065130426
0.850561937018351,1.701123874036702,2.5516858110550533,3.8139327217449006,4.664494658763251,5.515056595781602,6.7773035064714495,7.6278654434898,8.478427380508151,9.328989317526503,10.179551254544855,11.441798165234703,12.292360102253054,13.554607012942903,14.405168949961254,15.667415860651102,16.517977797669452,17.368539734687804,18.219101671706156,19.069663608724507,19.92022554574286,20.77078748276121,21.621349419779563,22.471911356797914,23.322473293816266,24.173035230834618,25.02359716785297,25.87415910487132,27.136406015561167,27.98696795257952,28.83752988959787,29.688091826616223,30.538653763634574,31.389215700652926,32.239777637671274,33.09033957468962,33.94090151170797,34.79146344872632,35.64202538574467,36.492587322763015,37.75483423345286,39.01708114414271,39.867643081161056,40.718205018179404,41.56876695519775,42.4193288922161,43.26989082923445,44.1204527662528,44.971014703271145,45.82157664028949,46.67213857730784,47.52270051432619,47.48504210481488,47.48504210481488,47.48504210481488,47.89672707848638,48.30841205215788,48.30841205215788,48.30841205215788,49.249455041699356,49.503868593442334,49.75828214518531,50.01269569692829,50.01269569692829,50.01269569692829,50.01269569692829,50.01269569692829,50.01269569692829,50.01269569692829,50.01269569692829,50.01269569692829,50.357217824898925,50.357217824898925,50.357217824898925,50.357217824898925,50.357217824898925,50.6116313766419,50.6116313766419,50.6116313766419,50.6116313766419,50.6116313766419,50.6116313766419,50.6116313766419,50.6116313766419,50.6116313766419,50.6116313766419,50.6116313766419,50.6116313766419,50.6116313766419,50.6116313766419,50.6116313766419,50.6116313766419,50.6116313766419,50.6116313766419,50.6116313766419,50.6116313766419,50.6116313766419,50.6116313766419,50.6116313766419,50.6116313766419,50.6116313766419,50.6116313766419,50.6116313766419,50.6116313766419,50.6116313766419,50.6116313766419,50.86604492838488,50.86604492838488,50.86604492838488,50.86604492838488,50.86604492838488,50.86604492838488,50.86604492838488,50.86604492838488,50.86604492838488,50.86604492838488,50.86604492838488,50.86604492838488,50.86604492838488,50.86604492838488,50.86604492838488,50.86604492838488,50.86604492838488,50.86604492838488,50.86604492838488,50.86604492838488,50.86604492838488,50.86604492838488,50.86604492838488,51.12045848012786,51.12045848012786,51.12045848012786,51.12045848012786,51.12045848012786,51.12045848012786,51.12045848012786,51.12045848012786,51.12045848012786,51.12045848012786,51.12045848012786,51.12045848012786,51.12045848012786,51.12045848012786,51.12045848012786,51.12045848012786,51.12045848012786,51.12045848012786,51.12045848012786,51.12045848012786,51.12045848012786,51.12045848012786,51.12045848012786,51.12045848012786,51.12045848012786,51.12045848012786,51.12045848012786,51.12045848012786,51.12045848012786,51.12045848012786,51.12045848012786,51.12045848012786,52.265857036203116,52.265857036203116,52.265857036203116,52.265857036203116,52.265857036203116,52.265857036203116,52.265857036203116,52.265857036203116,52.265857036203116,52.265857036203116,52.265857036203116,52.265857036203116,52.265857036203116,52.265857036203116,52.47884418417463,52.47884418417463,52.47884418417463,52.47884418417463,52.47884418417463,52.47884418417463,52.47884418417463,52.47884418417463,52.47884418417463,52.47884418417463,52.47884418417463,52.47884418417463,52.47884418417463,52.47884418417463,52.47884418417463,52.47884418417463,52.47884418417463,52.47884418417463,52.47884418417463,52.47884418417463,52.47884418417463,52.47884418417463,52.47884418417463,52.47884418417463,52.47884418417463,52.47884418417463,52.47884418417463,52.47884418417463,52.47884418417463,52.47884418417463,52.47884418417463,52.47884418417463,52.47884418417463,52.47884418417463,52.47884418417463,52.47884418417463,52.47884418417463,52.47884418417463,52.47884418417463,52.47884418417463,52.47884418417463,52.47884418417463,52.47884418417463,52.47884418417463,52.47884418417463,52.47884418417463,52.47884418417463,52.47884418417463,52.47884418417463,52.47884418417463,52.47884418417463,52.47884418417463,52.47884418417463,52.47884418417463,52.47884418417463,52.47884418417463,52.47884418417463,52.47884418417463,52.47884418417463,52.47884418417463,52.47884418417463,52.47884418417463,52.47884418417463,52.47884418417463,52.47884418417463,52.47884418417463,52.47884418417463,52.47884418417463,52.47884418417463,52.47884418417463,52.47884418417463,52.47884418417463,52.47884418417463,52.47884418417463,52.47884418417463,52.47884418417463,52.47884418417463,52.47884418417463,52.47884418417463,52.47884418417463,52.47884418417463,52.47884418417463,52.47884418417463,52.47884418417463,52.47884418417463,52.47884418417463,52.47884418417463,52.47884418417463,52.47884418417463,52.47884418417463,52.47884418417463,52.47884418417463,52.47884418417463,52.47884418417463,52.47884418417463,52.47884418417463,52.47884418417463,52.47884418417463,52.47884418417463,52.47884418417463,52.47884418417463,52.47884418417463,52.47884418417463,52.47884418417463,52.47884418417463,52.47884418417463,52.47884418417463,52.47884418417463,52.47884418417463,52.47884418417463,52.47884418417463,52.47884418417463,52.47884418417463,52.47884418417463,52.47884418417463,52.47884418417463,52.47884418417463,52.47884418417463,52.47884418417463,52.47884418417463,52.47884418417463,52.47884418417463,52.47884418417463,52.47884418417463,52.47884418417463
0.8535090070495455,1.707018014099091,2.560527021148636,3.414036028198182,3.680070658100669,3.680070658100669,3.775907851381634,3.775907851381634,3.775907851381634,3.775907851381634,4.073290272719096,4.452586073347833,4.452586073347833,4.452586073347833,4.452586073347833,4.452586073347833,4.452586073347833,5.694307731996439,5.694307731996439,5.694307731996439,5.947910619884908,6.201513507773377,6.201513507773377,6.201513507773377,6.201513507773377,6.498895929110839,6.498895929110839,6.752498816999308,7.006101704887778,7.006101704887778,7.303484126225239,7.303484126225239,7.303484126225239,7.234356723576973,7.487959611465442,7.487959611465442,7.487959611465442,7.487959611465442,7.7853420328029035,7.7853420328029035,7.7853420328029035,8.082724454140365,8.082724454140365,8.013597051492098,8.31097947282956,8.608361894167022,8.608361894167022,8.608361894167022,8.608361894167022,8.608361894167022,8.608361894167022,8.608361894167022,8.608361894167022,8.905744315504483,9.203126736841945,9.203126736841945,9.203126736841945,9.203126736841945,9.203126736841945,9.203126736841945,9.203126736841945,8.994587133638332,8.994587133638332,8.994587133638332,8.994587133638332,8.994587133638332,8.994587133638332,8.994587133638332,8.994587133638332,8.994587133638332,9.248190021526801,9.248190021526801,9.248190021526801,9.248190021526801,9.248190021526801,9.248190021526801,9.248190021526801,9.50179290941527,9.50179290941527,9.50179290941527,9.50179290941527,9.50179290941527,9.50179290941527,9.50179290941527,9.42825812949642,9.42825812949642,9.42825812949642,9.42825812949642,9.42825812949642,9.42825812949642,9.42825812949642,9.42825812949642,9.42825812949642,9.42825812949642,9.42825812949642,9.42825812949642,9.42825812949642,9.42825812949642,9.42825812949642,9.42825812949642,9.42825812949642,9.42825812949642,9.42825812949642,9.42825812949642,9.42825812949642,9.42825812949642,9.42825812949642,9.42825812949642,9.42825812949642,9.42825812949642,9.42825812949642,9.42825812949642,9.42825812949642,9.42825812949642,9.42825812949642,9.42825812949642,9.42825812949642,9.42825812949642,9.42825812949642,9.42825812949642,9.42825812949642,9.42825812949642,9.42825812949642,9.42825812949642,9.42825812949642,9.42825812949642,9.42825812949642,9.42825812949642,9.42825812949642,9.42825812949642,9.42825812949642,9.42825812949642,9.42825812949642,9.42825812949642,9.42825812949642,9.42825812949642,9.42825812949642,9.42825812949642,9.42825812949642,9.42825812949642,9.42825812949642,9.42825812949642,9.42825812949642,9.42825812949642,9.42825812949642,9.42825812949642,9.42825812949642,9.42825812949642,9.42825812949642,9.42825812949642,9.42825812949642,9.42825812949642,9.42825812949642,9.42825812949642,9.42825812949642,9.42825812949642,9.42825812949642,9.42825812949642,9.42825812949642,9.42825812949642,9.42825812949642,9.42825812949642,9.42825812949642,9.42825812949642,9.42825812949642,9.42825812949642,9.42825812949642,9.42825812949642,9.42825812949642,9.42825812949642,9.42825812949642,9.42825812949642,9.42825812949642,9.42825812949642,9.42825812949642,9.42825812949642,9.42825812949642,9.42825812949642,9.42825812949642,9.42825812949642,9.42825812949642,9.42825812949642,9.42825812949642,9.42825812949642,9.42825812949642,9.42825812949642,9.42825812949642,9.42825812949642,9.42825812949642,9.42825812949642,9.42825812949642,9.42825812949642,9.42825812949642,9.42825812949642,9.42825812949642,9.42825812949642,9.42825812949642,9.68186101738489,9.68186101738489,9.68186101738489,9.68186101738489,9.68186101738489,9.588664127709777,9.588664127709777,9.588664127709777,9.588664127709777,9.588664127709777,9.588664127709777,9.588664127709777,9.588664127709777,9.588664127709777,9.588664127709777,9.588664127709777,9.588664127709777,9.588664127709777,9.588664127709777,9.588664127709777,9.588664127709777,9.588664127709777,9.588664127709777,9.588664127709777,9.588664127709777,9.588664127709777,9.588664127709777,9.588664127709777,9.588664127709777,9.588664127709777,9.588664127709777,9.588664127709777,9.588664127709777,9.588664127709777,9.588664127709777,9.588664127709777,9.588664127709777,9.588664127709777,9.588664127709777,9.588664127709777,9.515129347790927,9.515129347790927,9.515129347790927,9.515129347790927,9.515129347790927,9.515129347790927,9.515129347790927,9.515129347790927,9.515129347790927,9.515129347790927,9.515129347790927,9.515129347790927,9.515129347790927,9.515129347790927,9.515129347790927,9.515129347790927,9.515129347790927,9.515129347790927,9.515129347790927,9.515129347790927,9.515129347790927,9.515129347790927,9.515129347790927,9.515129347790927,9.515129347790927,9.515129347790927,9.515129347790927,9.515129347790927,9.515129347790927,9.515129347790927,9.515129347790927,9.515129347790927,9.515129347790927,9.515129347790927,9.515129347790927,9.515129347790927,9.515129347790927,9.515129347790927,9.515129347790927,9.515129347790927,9.515129347790927,9.515129347790927,9.515129347790927,9.515129347790927,9.515129347790927,9.515129347790927,9.515129347790927,9.515129347790927,9.515129347790927,9.515129347790927,9.515129347790927,9.515129347790927,9.515129347790927,9.515129347790927,9.515129347790927,9.610966541071893,9.610966541071893,9.610966541071893,9.610966541071893,9.610966541071893,9.610966541071893,9.610966541071893,9.610966541071893
0.8470628901786952,1.6941257803573904,2.5411886705360853,3.3882515607147807,4.235314450893476,4.35359485062141,4.35359485062141,4.35359485062141,4.35359485062141,4.35359485062141,4.35359485062141,4.462581087358961,5.764453081919735,5.764453081919735,5.764453081919735,6.384571761742265,6.6399478120917,7.0046904415647955,7.0046904415647955,7.369433071037891,7.369433071037891,7.369433071037891,7.734175700510987,7.734175700510987,7.734175700510987,7.5421857940303925,7.5421857940303925,7.5421857940303925,7.906928423503487,8.271671052976583,8.271671052976583,8.271671052976583,8.524725481397486,8.524725481397486,8.524725481397486,8.524725481397486,8.524725481397486,8.524725481397486,8.524725481397486,8.524725481397486,8.889468110870581,9.254210740343677,9.254210740343677,9.254210740343677,9.254210740343677,9.254210740343677,9.254210740343677,9.254210740343677,9.254210740343677,9.254210740343677,9.254210740343677,9.254210740343677,9.254210740343677,9.509586790693112,9.509586790693112,9.509586790693112,9.509586790693112,9.509586790693112,9.509586790693112,9.627867190421046,9.627867190421046,9.627867190421046,9.627867190421046,9.627867190421046,9.627867190421046,9.627867190421046,9.627867190421046,9.627867190421046,9.627867190421046,9.627867190421046,9.627867190421046,9.627867190421046,9.627867190421046,9.627867190421046,9.627867190421046,9.627867190421046,9.627867190421046,9.627867190421046,9.627867190421046,9.627867190421046,9.627867190421046,9.627867190421046,9.627867190421046,9.735271062931753,9.735271062931753,9.735271062931753,9.990647113281188,9.990647113281188,9.990647113281188,9.990647113281188,9.990647113281188,9.990647113281188,9.990647113281188,9.990647113281188,9.990647113281188,9.990647113281188,9.990647113281188,9.990647113281188,9.990647113281188,9.990647113281188,9.990647113281188,9.990647113281188,9.990647113281188,9.990647113281188,9.990647113281188,9.990647113281188,9.990647113281188,9.990647113281188,9.990647113281188,9.990647113281188,9.990647113281188,9.990647113281188,9.990647113281188,9.990647113281188,9.990647113281188,9.990647113281188,9.990647113281188,9.990647113281188,9.990647113281188,9.990647113281188,9.990647113281188,9.990647113281188,9.990647113281188,9.990647113281188,9.990647113281188,9.990647113281188,9.990647113281188,9.990647113281188,9.990647113281188,9.990647113281188,9.990647113281188,9.990647113281188,9.990647113281188,9.990647113281188,10.246023163630623,10.246023163630623,10.246023163630623,10.246023163630623,10.246023163630623,10.246023163630623,10.246023163630623,10.246023163630623,10.246023163630623,10.246023163630623,10.246023163630623,10.246023163630623,10.246023163630623,10.246023163630623,10.246023163630623,10.246023163630623,10.246023163630623,10.246023163630623,10.246023163630623,10.246023163630623,10.246023163630623,10.246023163630623,10.246023163630623,10.246023163630623,10.246023163630623,10.246023163630623,10.246023163630623,10.246023163630623,10.246023163630623,10.246023163630623,10.246023163630623,10.246023163630623,10.246023163630623,10.246023163630623,10.246023163630623,10.246023163630623,10.246023163630623,10.246023163630623,10.246023163630623,10.246023163630623,10.246023163630623,10.246023163630623,10.246023163630623,10.246023163630623,10.246023163630623,10.246023163630623,10.246023163630623,10.246023163630623,10.246023163630623,10.246023163630623,10.246023163630623,10.246023163630623,10.246023163630623,10.246023163630623,10.246023163630623,10.246023163630623,10.246023163630623,10.246023163630623,10.246023163630623,10.246023163630623,10.246023163630623,10.246023163630623,10.246023163630623,10.246023163630623,10.246023163630623,10.246023163630623,10.246023163630623,10.246023163630623,10.246023163630623,10.246023163630623,10.246023163630623,10.290199338862573,10.290199338862573,10.290199338862573,10.823949730135098,10.823949730135098,10.823949730135098,10.823949730135098,10.823949730135098,10.823949730135098,10.823949730135098,10.823949730135098,10.823949730135098,10.823949730135098,10.823949730135098,10.823949730135098,10.823949730135098,10.823949730135098,10.823949730135098,10.823949730135098,10.823949730135098,10.823949730135098,10.823949730135098,10.823949730135098,10.823949730135098,10.823949730135098,10.823949730135098,10.823949730135098,10.823949730135098,10.823949730135098,10.823949730135098,10.823949730135098,10.823949730135098,10.823949730135098,10.823949730135098,10.823949730135098,10.823949730135098,10.823949730135098,10.823949730135098,10.823949730135098,10.823949730135098,10.823949730135098,10.823949730135098,10.823949730135098,10.823949730135098,10.678088032069217,10.678088032069217,10.678088032069217,10.678088032069217,10.678088032069217,10.678088032069217,10.678088032069217,10.678088032069217,10.678088032069217,10.678088032069217,10.678088032069217,10.678088032069217,10.678088032069217,10.678088032069217,10.678088032069217,10.678088032069217,10.678088032069217,10.678088032069217,10.678088032069217,10.678088032069217,10.678088032069217,10.678088032069217,10.678088032069217,10.678088032069217,11.113756442925553,11.113756442925553,11.113756442925553,11.113756442925553,11.113756442925553,11.113756442925553,11.113756442925553,11.113756442925553,11.113756442925553,11.113756442925553,11.113756442925553,11.113756442925553,11.113756442925553,11.113756442925553,11.113756442925553,11.113756442925553,11.113756442925553,11.366810871346456,11.366810871346456,11.366810871346456,11.366810871346456,11.366810871346456,11.366810871346456,11.366810871346456,11.366810871346456,11.366810871346456,11.366810871346456
0.7832383001658716,1.5664766003317432,2.3497149004976148,3.1329532006634864,3.916191500829358,4.0778699290266145,4.364570232604999,4.364570232604999,4.364570232604999,4.364570232604999,4.651270536183382,4.651270536183382,4.651270536183382,4.651270536183382,4.651270536183382,4.651270536183382,5.517013181494314,5.517013181494314,5.355523182803536,5.628455751187727,5.628455751187727,5.628455751187727,5.724027708765282,5.724027708765282,5.724027708765282,5.724027708765282,5.8303136762880134,5.8303136762880134,5.8303136762880134,5.8303136762880134,5.8303136762880134,5.8303136762880134,5.8303136762880134,6.117013979866398,6.403714283444781,6.403714283444781,6.403714283444781,6.403714283444781,6.403714283444781,6.403714283444781,6.690414587023165,6.690414587023165,6.805418976267617,7.092119279846001,7.092119279846001,7.092119279846001,7.092119279846001,7.092119279846001,7.092119279846001,7.092119279846001,7.092119279846001,7.092119279846001,7.092119279846001,7.092119279846001,7.092119279846001,7.092119279846001,7.092119279846001,7.092119279846001,7.092119279846001,7.378819583424384,7.378819583424384,7.378819583424384,7.378819583424384,7.378819583424384,7.378819583424384,7.158193788709149,7.158193788709149,7.26447975623188,7.26447975623188,7.26447975623188,7.551180059810264,7.551180059810264,7.824112628194455,7.824112628194455,7.824112628194455,7.824112628194455,7.824112628194455,7.824112628194455,7.824112628194455,7.824112628194455,7.824112628194455,7.824112628194455,7.824112628194455,7.824112628194455,8.11081293177284,8.11081293177284,8.11081293177284,8.11081293177284,8.11081293177284,8.11081293177284,8.11081293177284,8.11081293177284,8.11081293177284,8.11081293177284,8.11081293177284,8.11081293177284,8.11081293177284,8.11081293177284,8.11081293177284,8.397513235351223,8.397513235351223,8.397513235351223,8.397513235351223,8.397513235351223,8.397513235351223,8.397513235351223,8.397513235351223,8.397513235351223,8.397513235351223,8.397513235351223,8.397513235351223,8.397513235351223,8.397513235351223,8.397513235351223,8.397513235351223,8.397513235351223,8.397513235351223,8.397513235351223,8.397513235351223,8.503799202873953,8.503799202873953,8.503799202873953,8.503799202873953,8.503799202873953,8.503799202873953,8.503799202873953,8.503799202873953,8.503799202873953,8.503799202873953,8.503799202873953,8.503799202873953,8.503799202873953,8.503799202873953,8.503799202873953,8.503799202873953,8.503799202873953,8.503799202873953,8.503799202873953,8.503799202873953,8.503799202873953,8.503799202873953,8.503799202873953,8.503799202873953,8.503799202873953,8.503799202873953,8.503799202873953,8.503799202873953,8.503799202873953,8.503799202873953,8.503799202873953,8.503799202873953,8.503799202873953,8.503799202873953,8.503799202873953,8.503799202873953,8.503799202873953,8.776731771258143,8.776731771258143,8.776731771258143,8.776731771258143,8.776731771258143,8.776731771258143,8.776731771258143,8.776731771258143,8.776731771258143,9.049664339642334,9.049664339642334,9.049664339642334,9.049664339642334,9.049664339642334,9.049664339642334,9.049664339642334,9.049664339642334,9.049664339642334,9.049664339642334,9.049664339642334,9.049664339642334,9.049664339642334,9.049664339642334,9.049664339642334,9.049664339642334,9.049664339642334,9.049664339642334,9.049664339642334,9.049664339642334,9.049664339642334,9.049664339642334,9.049664339642334,9.049664339642334,9.049664339642334,9.049664339642334,9.049664339642334,9.049664339642334,9.049664339642334,9.049664339642334,9.049664339642334,9.049664339642334,9.049664339642334,9.049664339642334,9.049664339642334,9.049664339642334,9.049664339642334,9.049664339642334,9.049664339642334,9.049664339642334,9.049664339642334,9.049664339642334,9.049664339642334,9.049664339642334,9.049664339642334,9.049664339642334,9.049664339642334,9.049664339642334,9.049664339642334,9.049664339642334,9.049664339642334,9.049664339642334,9.049664339642334,9.049664339642334,9.049664339642334,9.049664339642334,9.049664339642334,9.049664339642334,9.049664339642334,9.049664339642334,9.049664339642334,9.049664339642334,9.049664339642334,9.049664339642334,9.049664339642334,9.049664339642334,9.049664339642334,9.049664339642334,9.049664339642334,9.049664339642334,9.049664339642334,9.049664339642334,9.049664339642334,9.049664339642334,9.049664339642334,9.049664339642334,9.049664339642334,9.049664339642334,9.049664339642334,9.049664339642334,9.049664339642334,9.049664339642334,9.049664339642334,9.049664339642334,9.049664339642334,9.049664339642334,9.049664339642334,9.049664339642334,9.049664339642334,9.049664339642334,9.049664339642334,9.049664339642334,9.049664339642334,9.049664339642334,9.049664339642334,9.049664339642334,9.049664339642334,9.049664339642334,9.049664339642334,9.049664339642334,9.049664339642334,9.049664339642334,9.049664339642334,9.049664339642334,9.049664339642334,9.439517549736461,9.439517549736461,9.439517549736461,9.439517549736461,9.439517549736461,9.439517549736461,9.439517549736461,9.439517549736461,9.439517549736461,9.439517549736461,9.439517549736461,9.439517549736461,9.439517549736461,9.439517549736461,9.439517549736461,9.439517549736461,9.439517549736461,9.439517549736461,9.439517549736461,9.545803517259191,9.545803517259191,9.545803517259191,9.545803517259191,9.545803517259191,9.545803517259191,9.545803517259191,9.545803517259191,9.545803517259191,9.545803517259191,9.545803517259191
0.9130666272127321,1.8261332544254643,2.7391998816381964,3.6522665088509285,4.565333136063661,5.478399763276393,5.218707868615074,5.218707868615074,5.4802081640266405,5.220516269365322,5.220516269365322,5.220516269365322,5.482016564776888,5.482016564776888,6.492969988568589,6.730190093076986,6.967410197585382,7.228910492996949,7.228910492996949,7.490410788408516,7.751911083820083,8.01341137923165,8.01341137923165,8.01341137923165,8.274911674643217,8.274911674643217,8.274911674643217,8.274911674643217,8.274911674643217,8.274911674643217,8.485966797015422,8.485966797015422,8.485966797015422,8.485966797015422,8.485966797015422,8.34794034842219,8.34794034842219,8.34794034842219,8.34794034842219,8.34794034842219,8.34794034842219,8.209913899828958,8.209913899828958,8.209913899828958,8.209913899828958,8.209913899828958,8.471414195240525,8.471414195240525,8.471414195240525,8.471414195240525,8.471414195240525,8.471414195240525,8.471414195240525,8.471414195240525,8.471414195240525,8.471414195240525,8.471414195240525,8.471414195240525,8.471414195240525,8.471414195240525,8.471414195240525,8.471414195240525,8.471414195240525,8.471414195240525,8.471414195240525,8.471414195240525,8.471414195240525,8.471414195240525,8.471414195240525,8.471414195240525,9.270910763241652,9.270910763241652,9.270910763241652,9.270910763241652,9.270910763241652,9.270910763241652,9.270910763241652,9.270910763241652,9.270910763241652,9.270910763241652,9.270910763241652,9.270910763241652,9.270910763241652,9.270910763241652,9.270910763241652,9.270910763241652,9.270910763241652,9.270910763241652,9.270910763241652,9.270910763241652,9.270910763241652,9.270910763241652,9.270910763241652,9.270910763241652,9.270910763241652,9.270910763241652,9.270910763241652,9.270910763241652,9.270910763241652,9.270910763241652,9.270910763241652,9.270910763241652,9.270910763241652,9.270910763241652,9.270910763241652,9.270910763241652,9.270910763241652,9.270910763241652,9.270910763241652,9.270910763241652,9.270910763241652,9.270910763241652,9.270910763241652,9.270910763241652,9.270910763241652,9.270910763241652,9.270910763241652,9.270910763241652,9.270910763241652,9.270910763241652,9.270910763241652,9.270910763241652,9.270910763241652,9.270910763241652,9.270910763241652,9.270910763241652,9.270910763241652,9.270910763241652,9.270910763241652,9.270910763241652,9.270910763241652,9.270910763241652,9.270910763241652,9.270910763241652,9.270910763241652,9.270910763241652,9.270910763241652,9.270910763241652,9.13288431464842,9.13288431464842,9.13288431464842,9.13288431464842,9.13288431464842,9.13288431464842,9.13288431464842,9.13288431464842,9.13288431464842,9.13288431464842,9.13288431464842,9.13288431464842,9.13288431464842,9.13288431464842,9.13288431464842,9.13288431464842,9.13288431464842,9.13288431464842,9.13288431464842,9.13288431464842,9.13288431464842,9.13288431464842,9.13288431464842,9.13288431464842,9.13288431464842,9.13288431464842,9.13288431464842,9.13288431464842,9.13288431464842,9.13288431464842,9.13288431464842,9.13288431464842,9.13288431464842,9.13288431464842,9.13288431464842,9.13288431464842,9.13288431464842,9.13288431464842,9.13288431464842,9.13288431464842,9.13288431464842,9.13288431464842,9.13288431464842,9.13288431464842,9.13288431464842,8.927279663405967,8.927279663405967,8.927279663405967,8.927279663405967,8.927279663405967,8.927279663405967,8.927279663405967,8.927279663405967,8.927279663405967,8.927279663405967,8.927279663405967,8.927279663405967,8.927279663405967,8.927279663405967,8.927279663405967,8.927279663405967,8.927279663405967,8.927279663405967,8.927279663405967,8.927279663405967,8.927279663405967,8.927279663405967,8.927279663405967,8.927279663405967,8.927279663405967,8.927279663405967,8.927279663405967,8.927279663405967,8.927279663405967,8.927279663405967,8.927279663405967,8.938322895067303,8.938322895067303,8.938322895067303,8.938322895067303,8.938322895067303,8.938322895067303,8.938322895067303,8.938322895067303,8.938322895067303,8.938322895067303,8.938322895067303,8.938322895067303,8.938322895067303,8.938322895067303,8.938322895067303,8.938322895067303,8.938322895067303,8.938322895067303,8.938322895067303,8.938322895067303,8.938322895067303,8.887877722027941,8.887877722027941,8.887877722027941,8.887877722027941,8.887877722027941,8.887877722027941,8.887877722027941,8.887877722027941,8.887877722027941,8.887877722027941,8.887877722027941,8.887877722027941,8.887877722027941,8.887877722027941,8.887877722027941,8.887877722027941,8.887877722027941,8.887877722027941,8.887877722027941,8.887877722027941,8.887877722027941,8.887877722027941,8.887877722027941,8.887877722027941,8.887877722027941,8.887877722027941,8.887877722027941,8.887877722027941,8.887877722027941,8.887877722027941,8.887877722027941,8.887877722027941,8.887877722027941,8.887877722027941,8.682273070785488,8.682273070785488,8.682273070785488,8.682273070785488,8.682273070785488,8.682273070785488,8.682273070785488,8.682273070785488,8.682273070785488,8.682273070785488,8.682273070785488,8.682273070785488,8.682273070785488,8.682273070785488,8.682273070785488,8.682273070785488,8.682273070785488,8.682273070785488,8.682273070785488,8.682273070785488,8.682273070785488,8.682273070785488,8.682273070785488,8.682273070785488,8.682273070785488,8.682273070785488,8.682273070785488,8.682273070785488,8.682273070785488,8.682273070785488,8.682273070785488
0.8341063608465535,1.9845267732605327,2.8186331341070865,3.6527394949536403,4.486845855800194,5.320952216646748,6.1550585774933015,6.989164938339855,7.823271299186409,8.657377660032962,9.491484020879515,10.325590381726068,11.15969674257262,11.993803103419173,12.827909464265726,13.66201582511228,14.496122185958832,15.330228546805385,16.164334907651938,17.314755320065917,18.14886168091247,18.982968041759026,19.81707440260558,20.651180763452135,21.801601175866114,22.63570753671267,23.469813897559224,24.30392025840578,25.138026619252333,26.288447031666312,27.122553392512867,27.95665975335942,28.790766114205976,29.62487247505253,30.458978835899085,31.29308519674564,32.12719155759219,32.961297918438746,33.7954042792853,34.629510640131855,35.46361700097841,36.297723361824964,37.13182972267152,37.96593608351807,38.80004244436463,39.63414880521118,40.46825516605774,41.30236152690429,42.13646788775085,42.9705742485974,43.804680609443956,44.63878697029051,45.472893331137065,46.30699969198362,46.58400208402687,46.900316135594295,46.900316135594295,46.900316135594295,46.900316135594295,46.900316135594295,46.900316135594295,46.900316135594295,46.900316135594295,46.900316135594295,46.900316135594295,47.82295384270929,47.82295384270929,48.0818939040589,48.0818939040589,48.0818939040589,48.0818939040589,48.0818939040589,48.0818939040589,48.398207955626326,48.398207955626326,48.398207955626326,48.71452200719375,48.71452200719375,49.030836058761174,49.030836058761174,49.030836058761174,49.030836058761174,49.030836058761174,49.030836058761174,49.030836058761174,49.030836058761174,49.307838450804425,49.307838450804425,49.307838450804425,49.307838450804425,49.56677851215404,49.56677851215404,49.56677851215404,49.56677851215404,49.77849565116038,49.77849565116038,50.0948097027278,50.0948097027278,50.0948097027278,50.411123754295225,50.411123754295225,50.411123754295225,50.411123754295225,50.411123754295225,50.411123754295225,50.411123754295225,50.688126146338476,50.688126146338476,50.688126146338476,50.688126146338476,50.688126146338476,50.688126146338476,50.688126146338476,50.688126146338476,50.688126146338476,50.688126146338476,50.688126146338476,50.688126146338476,50.688126146338476,50.688126146338476,50.688126146338476,50.688126146338476,50.688126146338476,50.688126146338476,50.688126146338476,50.688126146338476,50.688126146338476,50.688126146338476,50.688126146338476,50.94706620768809,51.2060062690377,51.2060062690377,51.2060062690377,51.2060062690377,51.2060062690377,51.2060062690377,51.2060062690377,51.2060062690377,51.2060062690377,51.2060062690377,51.46494633038731,51.46494633038731,51.46494633038731,51.67666346939365,51.67666346939365,51.67666346939365,51.67666346939365,51.67666346939365,51.67666346939365,51.67666346939365,51.67666346939365,51.67666346939365,51.67666346939365,51.67666346939365,51.67666346939365,51.67666346939365,51.67666346939365,51.67666346939365,51.67666346939365,51.67666346939365,51.67666346939365,51.67666346939365,51.67666346939365,51.67666346939365,51.67666346939365,51.67666346939365,51.67666346939365,51.67666346939365,51.67666346939365,51.67666346939365,51.67666346939365,51.67666346939365,51.67666346939365,51.67666346939365,51.67666346939365,51.67666346939365,51.67666346939365,51.67666346939365,51.67666346939365,51.67666346939365,51.67666346939365,51.71850129389311,51.71850129389311,51.71850129389311,51.71850129389311,51.71850129389311,51.71850129389311,51.71850129389311,51.71850129389311,51.71850129389311,51.69330522300246,51.69330522300246,51.69330522300246,51.69330522300246,51.69330522300246,51.69330522300246,51.69330522300246,51.69330522300246,51.69330522300246,51.69330522300246,51.69330522300246,51.69330522300246,51.69330522300246,51.69330522300246,51.69330522300246,51.69330522300246,51.69330522300246,51.69330522300246,51.69330522300246,51.69330522300246,51.69330522300246,51.69330522300246,51.69330522300246,51.69330522300246,51.69330522300246,51.69330522300246,51.69330522300246,51.69330522300246,51.69330522300246,51.69330522300246,51.69330522300246,51.69330522300246,51.69330522300246,51.69330522300246,51.69330522300246,51.69330522300246,51.69330522300246,51.69330522300246,51.69330522300246,51.69330522300246,51.69330522300246,51.69330522300246,51.69330522300246,51.69330522300246,51.69330522300246,51.69330522300246,51.69330522300246,51.69330522300246,51.69330522300246,51.69330522300246,51.69330522300246,51.69330522300246,51.69330522300246,51.69330522300246,51.69330522300246,51.69330522300246,51.69330522300246,51.69330522300246,51.69330522300246,51.69330522300246,51.69330522300246,51.69330522300246,51.69330522300246,51.69330522300246,51.69330522300246,51.69330522300246,51.69330522300246,51.69330522300246,51.69330522300246,51.69330522300246,51.69330522300246,51.69330522300246,51.69330522300246,51.69330522300246,51.62594996398285,51.62594996398285,51.62594996398285,51.62594996398285,51.62594996398285,51.62594996398285,51.62594996398285,51.53692648176097,51.53692648176097,51.53692648176097,51.53692648176097,51.53692648176097,51.53692648176097,51.53692648176097,51.53692648176097,51.53692648176097,51.53692648176097,51.53692648176097,51.53692648176097,51.53692648176097,51.53692648176097,51.53692648176097,51.53692648176097,51.53692648176097,51.53692648176097,51.53692648176097,51.53692648176097,51.53692648176097,51.53692648176097,51.74864362076731,51.74864362076731,51.74864362076731,51.74864362076731,51.74864362076731,51.74864362076731,51.74864362076731
0.9197603565498038,1.8395207130996076,2.7592810696494112,3.6790414261992153,4.598801782749019,5.518562139298823,6.438322495848627,7.358082852398431,8.277843208948235,9.197603565498039,10.117363922047842,11.037124278597645,12.146477943612153,13.066238300161956,13.98599865671176,14.905759013261562,15.825519369811365,16.74527972636117,17.665040082910973,18.58480043946078,19.504560796010583,20.42432115256039,21.344081509110193,22.4534351741247,23.373195530674504,24.29295588722431,25.212716243774114,26.13247660032392,27.241830265338425,28.16159062188823,29.081350978438035,30.00111133498784,30.920871691537645,32.03022535655215,32.94998571310195,33.869746069651754,34.789506426201555,35.70926678275136,36.62902713930116,37.54878749585096,38.46854785240076,39.57790151741527,40.49766187396507,41.41742223051487,42.337182587064675,43.256942943614476,44.17670330016428,45.09646365671408,46.20581732172859,47.12557767827839,48.04533803482819,49.1546916998427,50.0744520563925,50.994212412942304,51.913972769492105,52.833733126041906,53.75349348259171,54.67325383914151,55.59301419569131,56.51277455224111,57.43253490879091,58.352295265340715,59.461648930355224,60.381409286905026,61.30116964345483,62.22093000000463,63.14069035655443,64.06045071310423,65.16980437811874,66.08956473466854,67.00932509121834,67.92908544776814,68.84884580431795,69.76860616086775,70.68836651741755,71.79772018243206,72.71748053898186,73.63724089553166,74.55700125208146,75.47676160863126,76.39652196518107,77.31628232173087,77.30914722586284,77.30914722586284,77.30914722586284,77.30914722586284,77.2718837604209,77.2718837604209,77.2718837604209,78.29032400677349,78.29032400677349,78.52570283694229,78.76108166711109,78.99646049727988,78.99646049727988,78.99646049727988,78.99646049727988,78.99646049727988,78.99646049727988,78.99646049727988,78.99646049727988,79.23183932744868,79.23183932744868,79.46721815761748,79.46721815761748,79.46721815761748,79.46721815761748,79.46721815761748,79.46721815761748,79.46721815761748,79.46721815761748,79.46721815761748,79.46721815761748,79.46721815761748,79.46721815761748,79.46721815761748,79.46721815761748,79.46721815761748,79.46721815761748,79.46721815761748,79.46721815761748,79.46721815761748,79.46721815761748,79.46721815761748,79.46721815761748,79.46721815761748,79.46721815761748,79.46721815761748,79.46721815761748,79.63657796756955,79.87195679773835,79.87195679773835,79.87195679773835,79.86482170187033,79.86482170187033,79.86482170187033,79.86482170187033,79.86482170187033,79.86482170187033,79.86482170187033,79.86482170187033,79.86482170187033,80.10020053203912,80.10020053203912,80.10020053203912,80.10020053203912,80.10020053203912,80.10020053203912,80.10020053203912,80.0930654361711,80.0930654361711,80.0930654361711,80.11988078607745,80.11988078607745,80.11988078607745,80.11988078607745,80.11988078607745,80.11988078607745,80.09669023342909,80.09669023342909,80.09669023342909,80.09669023342909,80.09669023342909,80.09669023342909,80.09669023342909,80.09669023342909,80.09669023342909,80.09669023342909,80.09669023342909,80.09669023342909,80.09669023342909,80.09669023342909,80.09669023342909,80.09669023342909,80.09669023342909,80.09669023342909,80.09669023342909,80.09669023342909,80.09669023342909,80.09669023342909,80.09669023342909,80.09669023342909,79.93324967583688,79.93324967583688,79.93324967583688,79.93324967583688,79.93324967583688,79.74365636737217,79.74365636737217,79.74365636737217,79.74365636737217,79.74365636737217,79.74365636737217,79.74365636737217,79.74365636737217,79.74365636737217,79.74365636737217,79.74365636737217,79.74365636737217,79.74365636737217,79.74365636737217,79.74365636737217,79.74365636737217,79.74365636737217,79.74365636737217,79.74365636737217,79.74365636737217,79.74365636737217,79.74365636737217,79.74365636737217,79.74365636737217,79.74365636737217,79.74365636737217,79.74365636737217,79.74365636737217,79.74365636737217,79.74365636737217,79.74365636737217,79.74365636737217,79.74365636737217,79.74365636737217,79.74365636737217,79.74365636737217,79.74365636737217,79.74365636737217,79.74365636737217,79.74365636737217,79.74365636737217,79.74365636737217,79.74365636737217,79.74365636737217,79.74365636737217,79.74365636737217,79.74365636737217,79.74365636737217,79.74365636737217,79.74365636737217,79.74365636737217,79.74365636737217,79.74365636737217,79.74365636737217,79.74365636737217,79.74365636737217,79.74365636737217,79.74365636737217,79.74365636737217,79.74365636737217,79.74365636737217,79.74365636737217,79.74365636737217,79.74365636737217,79.74365636737217,79.74365636737217,79.74365636737217,79.74365636737217,79.74365636737217,79.74365636737217,79.74365636737217,79.74365636737217,79.74365636737217,79.74365636737217,79.74365636737217,79.74365636737217,79.74365636737217,79.74365636737217,79.74365636737217,79.74365636737217,79.74365636737217,79.74365636737217,79.74365636737217,79.74365636737217,79.74365636737217,79.74365636737217,79.74365636737217,79.74365636737217,79.74365636737217,79.74365636737217,79.74365636737217,79.74365636737217,79.74365636737217,79.74365636737217,79.74365636737217,79.74365636737217,79.74365636737217,79.74365636737217,79.79924123865337,79.79924123865337,79.79924123865337,79.79924123865337,79.79924123865337,79.79924123865337,79.79924123865337,79.79924123865337,79.79924123865337,79.79924123865337,79.79924123865337,79.79924123865337,79.79924123865337,79.79924123865337,79.79924123865337
0.8468971180944027,1.6937942361888054,2.540691354283208,3.387588472377611,4.234485590472014,5.081382708566417,5.92827982666082,6.775176944755223,7.6220740628496255,8.468971180944028,9.669993334064099,10.516890452158501,11.363787570252903,12.210684688347305,13.057581806441707,13.90447892453611,14.751376042630511,15.598273160724913,16.445170278819315,17.29206739691372,18.138964515008123,18.985861633102527,19.83275875119693,20.679655869291334,21.526552987385738,22.373450105480142,23.220347223574546,24.06724434166895,24.914141459763353,25.761038577857757,26.60793569595216,27.454832814046565,28.30172993214097,29.148627050235373,29.995524168329776,30.84242128642418,31.689318404518584,32.536215522612984,33.38311264070739,34.23000975880179,34.10021819117086,34.10021819117086,34.368037835051155,34.368037835051155,34.368037835051155,34.368037835051155,34.368037835051155,34.368037835051155,34.368037835051155,34.368037835051155,35.30498178687843,35.56040343690327,35.56040343690327,35.56040343690327,35.56040343690327,35.56040343690327,35.56040343690327,35.56040343690327,35.56040343690327,35.56040343690327,35.56040343690327,35.56040343690327,35.56040343690327,35.56040343690327,35.56040343690327,35.815825086928115,35.815825086928115,35.815825086928115,35.815825086928115,35.815825086928115,35.815825086928115,35.815825086928115,35.815825086928115,35.815825086928115,35.815825086928115,35.815825086928115,35.815825086928115,35.815825086928115,35.815825086928115,35.815825086928115,35.815825086928115,36.07124673695296,36.07124673695296,36.3266683869778,36.3266683869778,36.3266683869778,36.3266683869778,36.3266683869778,36.3266683869778,36.3266683869778,36.3266683869778,36.68079342200347,36.68079342200347,37.034918457029136,37.034918457029136,37.034918457029136,37.034918457029136,37.3890434920548,37.3890434920548,37.3890434920548,37.3890434920548,37.644465142079646,37.644465142079646,37.644465142079646,37.644465142079646,37.644465142079646,37.644465142079646,37.644465142079646,37.644465142079646,37.644465142079646,37.644465142079646,37.644465142079646,37.644465142079646,37.644465142079646,37.644465142079646,37.644465142079646,37.644465142079646,37.644465142079646,37.644465142079646,37.998590177105314,37.998590177105314,37.998590177105314,37.998590177105314,37.998590177105314,37.998590177105314,37.998590177105314,38.35271521213098,38.35271521213098,38.35271521213098,38.35271521213098,38.35271521213098,38.35271521213098,38.35271521213098,38.35271521213098,38.35271521213098,38.35271521213098,38.35271521213098,38.35271521213098,38.35271521213098,38.35271521213098,38.35271521213098,38.35271521213098,38.35271521213098,38.35271521213098,38.35271521213098,38.35271521213098,38.35271521213098,38.35271521213098,38.35271521213098,38.35271521213098,38.35271521213098,38.608136862155824,38.608136862155824,38.608136862155824,38.608136862155824,38.608136862155824,38.608136862155824,38.608136862155824,38.608136862155824,38.608136862155824,38.608136862155824,38.608136862155824,38.608136862155824,38.608136862155824,38.608136862155824,38.608136862155824,38.608136862155824,38.608136862155824,38.608136862155824,38.608136862155824,38.608136862155824,38.608136862155824,38.96226189718149,38.96226189718149,38.96226189718149,38.96226189718149,38.96226189718149,38.96226189718149,38.96226189718149,39.571808582232,39.571808582232,39.571808582232,39.571808582232,39.92593361725767,39.92593361725767,39.92593361725767,39.92593361725767,40.28005865228334,40.28005865228334,40.28005865228334,40.28005865228334,40.28005865228334,40.28005865228334,40.28005865228334,40.28005865228334,40.28005865228334,40.28005865228334,40.28005865228334,40.28005865228334,40.28005865228334,40.28005865228334,40.28005865228334,40.28005865228334,40.28005865228334,40.28005865228334,40.39270215642828,40.39270215642828,40.39270215642828,40.39270215642828,40.39270215642828,40.39270215642828,40.39270215642828,40.39270215642828,40.39270215642828,40.39270215642828,40.26291058879735,40.26291058879735,40.26291058879735,40.26291058879735,40.26291058879735,40.26291058879735,40.26291058879735,40.26291058879735,40.26291058879735,40.26291058879735,40.26291058879735,40.26291058879735,40.26291058879735,40.26291058879735,40.26291058879735,40.26291058879735,40.26291058879735,40.26291058879735,40.26291058879735,40.26291058879735,40.26291058879735,40.26291058879735,40.26291058879735,40.26291058879735,40.26291058879735,40.26291058879735,40.26291058879735,40.26291058879735,40.26291058879735,40.26291058879735,40.26291058879735,40.26291058879735,40.26291058879735,40.26291058879735,40.26291058879735,40.26291058879735,40.26291058879735,40.26291058879735,40.26291058879735,40.26291058879735,40.26291058879735,40.26291058879735,40.26291058879735,40.26291058879735,40.26291058879735,40.8240972920456,40.8240972920456,40.8240972920456,40.8240972920456,40.8240972920456,40.8240972920456,41.000967103354895,41.000967103354895,41.000967103354895,41.000967103354895,41.000967103354895,41.000967103354895,41.000967103354895,41.000967103354895,41.000967103354895,41.000967103354895,41.000967103354895,41.000967103354895,41.000967103354895,41.000967103354895,41.000967103354895,41.000967103354895,41.000967103354895,41.000967103354895,41.000967103354895,41.000967103354895,41.000967103354895,41.000967103354895,41.26878674723519,41.26878674723519,41.26878674723519,41.26878674723519,41.26878674723519,41.90240364877453,41.90240364877453,41.90240364877453,41.90240364877453,41.90240364877453,41.90240364877453,41.90240364877453
0.8427782776348933,1.6855565552697866,2.52833483290468,3.3711131105395733,4.531599723904403,5.374378001539297,6.217156279174191,7.059934556809084,7.902712834443978,8.745491112078872,9.588269389713766,10.43104766734866,11.273825944983553,12.434312558348383,13.277090835983277,14.11986911361817,15.280355726983,16.123134004617892,17.28362061798272,17.51096262728866,17.51096262728866,17.51096262728866,17.51096262728866,17.51096262728866,17.51096262728866,17.51096262728866,17.51096262728866,18.44329972602641,18.44329972602641,18.44329972602641,18.44329972602641,18.44329972602641,18.44329972602641,18.44329972602641,18.699854364086036,18.956409002145662,18.956409002145662,18.956409002145662,19.530671975935224,19.530671975935224,19.519140009440385,19.519140009440385,19.519140009440385,19.519140009440385,19.519140009440385,19.519140009440385,19.519140009440385,19.77569464750001,19.77569464750001,19.77569464750001,19.77569464750001,19.77569464750001,19.77569464750001,19.77569464750001,19.77569464750001,20.032249285559637,20.288803923619263,20.288803923619263,20.288803923619263,20.288803923619263,20.288803923619263,20.288803923619263,20.288803923619263,20.288803923619263,20.288803923619263,20.288803923619263,20.513569561533366,20.513569561533366,20.513569561533366,20.513569561533366,20.770124199592992,21.026678837652618,21.026678837652618,21.026678837652618,21.026678837652618,21.026678837652618,21.026678837652618,21.026678837652618,21.026678837652618,21.026678837652618,21.026678837652618,21.026678837652618,21.026678837652618,21.026678837652618,21.026678837652618,21.026678837652618,21.026678837652618,21.026678837652618,21.026678837652618,21.026678837652618,21.026678837652618,21.53332268537195,21.53332268537195,21.53332268537195,21.53332268537195,21.53332268537195,21.53332268537195,21.53332268537195,21.53332268537195,21.53332268537195,21.53332268537195,21.851031021101885,21.851031021101885,21.851031021101885,21.851031021101885,21.851031021101885,22.16873935683182,22.16873935683182,22.16873935683182,22.16873935683182,22.16873935683182,22.16873935683182,22.16873935683182,22.16873935683182,22.16873935683182,22.16873935683182,22.16873935683182,22.16873935683182,22.16873935683182,22.16873935683182,22.16873935683182,22.16873935683182,22.16873935683182,22.16873935683182,22.16873935683182,22.16873935683182,22.16873935683182,22.16873935683182,22.16873935683182,22.16873935683182,22.16873935683182,22.16873935683182,22.16873935683182,22.16873935683182,22.16873935683182,22.16873935683182,22.16873935683182,22.16873935683182,22.16873935683182,22.16873935683182,22.16873935683182,22.16873935683182,22.16873935683182,22.16873935683182,22.16873935683182,22.804466450984677,22.804466450984677,22.804466450984677,22.804466450984677,22.804466450984677,22.804466450984677,22.804466450984677,22.804466450984677,22.804466450984677,22.804466450984677,22.804466450984677,22.804466450984677,22.804466450984677,22.804466450984677,22.804466450984677,22.804466450984677,22.804466450984677,22.804466450984677,22.804466450984677,22.804466450984677,22.804466450984677,22.804466450984677,22.804466450984677,22.804466450984677,22.804466450984677,22.804466450984677,22.804466450984677,22.804466450984677,22.804466450984677,22.804466450984677,22.804466450984677,22.804466450984677,22.804466450984677,22.804466450984677,22.804466450984677,22.804466450984677,22.804466450984677,22.804466450984677,22.804466450984677,22.804466450984677,22.804466450984677,22.804466450984677,22.804466450984677,22.804466450984677,22.804466450984677,22.804466450984677,22.804466450984677,22.804466450984677,22.804466450984677,22.804466450984677,22.804466450984677,22.804466450984677,22.804466450984677,22.804466450984677,22.804466450984677,22.804466450984677,22.804466450984677,22.804466450984677,22.804466450984677,22.804466450984677,22.804466450984677,22.804466450984677,22.804466450984677,22.804466450984677,22.804466450984677,22.804466450984677,22.804466450984677,22.804466450984677,22.804466450984677,22.804466450984677,22.804466450984677,22.804466450984677,22.804466450984677,23.031808460290616,23.031808460290616,23.031808460290616,23.031808460290616,23.031808460290616,23.031808460290616,23.031808460290616,23.031808460290616,23.031808460290616,23.031808460290616,23.031808460290616,23.031808460290616,23.031808460290616,23.031808460290616,22.99842377104105,22.99842377104105,22.99842377104105,22.99842377104105,22.99842377104105,22.99842377104105,22.99842377104105,22.99842377104105,22.99842377104105,22.99842377104105,22.99842377104105,22.99842377104105,22.99842377104105,22.99842377104105,22.99842377104105,23.22576578034699,23.22576578034699,23.22576578034699,23.22576578034699,23.22576578034699,23.22576578034699,23.22576578034699,23.22576578034699,23.22576578034699,23.22576578034699,23.22576578034699,23.22576578034699,23.22576578034699,23.22576578034699,23.22576578034699,23.22576578034699,23.22576578034699,23.22576578034699,23.22576578034699,23.213928434170125,23.213928434170125,23.333997947670486,23.333997947670486,23.333997947670486,23.333997947670486,23.333997947670486,23.333997947670486,23.333997947670486,23.333997947670486,23.333997947670486,23.333997947670486,23.333997947670486,23.333997947670486,23.333997947670486,23.333997947670486,23.333997947670486,23.271721993814268,23.271721993814268,23.271721993814268,23.271721993814268,23.271721993814268,23.271721993814268,23.271721993814268,23.271721993814268,23.271721993814268,23.271721993814268,23.271721993814268,23.271721993814268,23.271721993814268,23.271721993814268,23.271721993814268,23.271721993814268,23.271721993814268
0.896660685942229,1.793321371884458,1.793321371884458,1.793321371884458,1.793321371884458,1.793321371884458,2.1062830271353623,2.1062830271353623,3.0988866842945493,3.0988866842945493,3.3406196451132617,3.582352605931974,3.8953142611828784,3.8953142611828784,3.8953142611828784,3.8953142611828784,3.8953142611828784,3.8953142611828784,3.8953142611828784,3.8953142611828784,3.8953142611828784,3.8953142611828784,3.8953142611828784,4.208275916433783,4.450008877252495,4.762970532503399,4.762970532503399,4.762970532503399,4.762970532503399,4.762970532503399,5.075932187754303,5.3888938430052065,5.3888938430052065,5.3888938430052065,5.70185549825611,5.70185549825611,5.70185549825611,5.70185549825611,5.70185549825611,5.70185549825611,6.014817153507014,6.2565501143257265,6.56951176957663,6.56951176957663,6.56951176957663,6.56951176957663,6.56951176957663,6.56951176957663,6.56951176957663,6.56951176957663,6.56951176957663,6.56951176957663,6.56951176957663,6.56951176957663,6.56951176957663,6.811244730395343,6.811244730395343,6.811244730395343,6.811244730395343,6.811244730395343,6.811244730395343,6.811244730395343,6.811244730395343,6.811244730395343,6.811244730395343,6.811244730395343,6.811244730395343,6.811244730395343,6.811244730395343,6.811244730395343,6.811244730395343,6.811244730395343,6.811244730395343,6.811244730395343,6.811244730395343,6.811244730395343,6.811244730395343,6.811244730395343,7.052977691214055,7.052977691214055,7.052977691214055,7.052977691214055,7.052977691214055,7.052977691214055,7.052977691214055,7.052977691214055,7.052977691214055,7.052977691214055,7.052977691214055,7.052977691214055,7.052977691214055,7.052977691214055,7.052977691214055,7.052977691214055,7.052977691214055,7.052977691214055,7.052977691214055,7.052977691214055,7.052977691214055,7.052977691214055,7.859946083843593,7.859946083843593,7.757403328729119,7.757403328729119,7.757403328729119,7.757403328729119,7.757403328729119,7.757403328729119,7.757403328729119,7.757403328729119,7.757403328729119,7.757403328729119,7.757403328729119,7.757403328729119,7.757403328729119,7.757403328729119,7.757403328729119,7.757403328729119,7.757403328729119,7.757403328729119,7.757403328729119,7.757403328729119,7.899943604589924,7.899943604589924,7.899943604589924,7.899943604589924,7.899943604589924,7.899943604589924,7.899943604589924,7.899943604589924,7.899943604589924,7.899943604589924,7.899943604589924,7.899943604589924,7.899943604589924,7.899943604589924,7.899943604589924,7.899943604589924,7.899943604589924,8.298479019312936,8.298479019312936,8.298479019312936,8.298479019312936,8.298479019312936,8.298479019312936,8.298479019312936,8.298479019312936,8.298479019312936,8.298479019312936,8.298479019312936,8.298479019312936,8.298479019312936,8.298479019312936,8.298479019312936,8.298479019312936,8.298479019312936,8.298479019312936,8.298479019312936,8.298479019312936,8.298479019312936,8.298479019312936,8.298479019312936,8.298479019312936,8.298479019312936,8.298479019312936,8.298479019312936,8.298479019312936,8.298479019312936,8.298479019312936,8.298479019312936,8.298479019312936,8.298479019312936,8.298479019312936,8.298479019312936,8.298479019312936,8.298479019312936,8.298479019312936,8.298479019312936,8.298479019312936,8.298479019312936,8.298479019312936,8.298479019312936,8.298479019312936,8.298479019312936,8.298479019312936,8.298479019312936,8.298479019312936,8.298479019312936,8.298479019312936,8.298479019312936,8.298479019312936,8.298479019312936,8.298479019312936,8.298479019312936,8.298479019312936,8.298479019312936,8.298479019312936,8.298479019312936,8.298479019312936,8.298479019312936,8.298479019312936,8.298479019312936,8.298479019312936,8.298479019312936,8.298479019312936,8.298479019312936,8.298479019312936,8.298479019312936,8.298479019312936,8.298479019312936,8.298479019312936,8.298479019312936,8.298479019312936,8.298479019312936,8.298479019312936,8.298479019312936,8.298479019312936,8.298479019312936,8.298479019312936,8.298479019312936,8.298479019312936,8.298479019312936,8.298479019312936,8.298479019312936,8.298479019312936,8.298479019312936,8.298479019312936,8.298479019312936,8.298479019312936,8.298479019312936,8.298479019312936,8.298479019312936,8.298479019312936,8.298479019312936,8.298479019312936,8.298479019312936,8.298479019312936,8.298479019312936,8.298479019312936,8.298479019312936,8.298479019312936,8.298479019312936,8.298479019312936,8.298479019312936,8.298479019312936,8.298479019312936,8.298479019312936,8.298479019312936,8.298479019312936,8.298479019312936,8.298479019312936,8.298479019312936,8.298479019312936,8.298479019312936,8.298479019312936,8.298479019312936,8.298479019312936,8.298479019312936,8.298479019312936,8.298479019312936,8.298479019312936,8.298479019312936,8.298479019312936,8.298479019312936,8.298479019312936,8.298479019312936,8.298479019312936,8.298479019312936,8.298479019312936,8.298479019312936,9.04265206011698,9.04265206011698,9.04265206011698,9.04265206011698,9.04265206011698,9.04265206011698,9.04265206011698,9.04265206011698,9.04265206011698,9.04265206011698,9.04265206011698,9.04265206011698,9.04265206011698,9.04265206011698,9.04265206011698,9.04265206011698,9.04265206011698,9.04265206011698,9.04265206011698,9.04265206011698,9.04265206011698,9.050757598189197,9.050757598189197,9.050757598189197,9.050757598189197,9.050757598189197,9.050757598189197,9.050757598189197,9.050757598189197,9.050757598189197
0.8354542391797228,2.064971771813128,2.9004260109928506,3.735880250172573,4.571334489352296,5.406788728532018,6.242242967711741,7.077697206891464,7.913151446071186,8.74860568525091,9.584059924430633,10.419514163610357,11.649031696243762,12.484485935423486,13.31994017460321,14.155394413782933,14.990848652962656,15.82630289214238,16.6617571313221,17.497211370501823,18.332665609681545,19.168119848861267,20.00357408804099,20.83902832722071,21.67448256640043,22.509936805580153,23.345391044759875,24.180845283939597,25.01629952311932,25.85175376229904,26.687208001478762,27.522662240658484,28.358116479838205,29.193570719017927,30.02902495819765,30.86447919737737,32.09399673001077,32.9294509691905,34.1589685018239,34.994422741003625,35.82987698018335,36.665331219363075,37.5007854585428,38.336239697722526,39.17169393690225,40.00714817608198,41.23666570871538,42.072119947895104,42.90757418707483,43.743028426254554,44.972545958887956,46.20206349152136,47.03751773070108,47.87297196988081,49.136938829985596,49.97239306916532,50.807847308345046,51.64330154752477,52.4787557867045,52.783631769985604,53.17769506343929,53.17769506343929,53.17769506343929,53.17769506343929,53.17769506343929,54.101840349574275,54.36040964394739,54.36040964394739,54.36040964394739,54.36040964394739,54.36040964394739,54.36040964394739,54.36040964394739,54.754472937401076,54.754472937401076,54.754472937401076,54.754472937401076,54.754472937401076,54.754472937401076,55.01304223177419,55.01304223177419,55.01304223177419,55.01304223177419,55.01304223177419,55.01304223177419,55.01304223177419,55.01304223177419,55.01304223177419,55.01304223177419,55.01304223177419,55.6138610072237,55.6138610072237,55.6138610072237,55.6138610072237,55.6138610072237,55.6138610072237,55.6138610072237,55.6138610072237,55.6138610072237,55.6138610072237,55.6138610072237,55.6138610072237,55.6138610072237,55.6138610072237,55.6138610072237,55.6138610072237,55.6138610072237,55.6138610072237,55.6138610072237,55.6138610072237,55.6138610072237,55.6138610072237,55.6138610072237,55.6138610072237,55.6138610072237,55.6138610072237,55.872430301596815,55.872430301596815,55.872430301596815,55.872430301596815,55.872430301596815,55.872430301596815,55.872430301596815,55.872430301596815,55.872430301596815,55.872430301596815,55.872430301596815,55.872430301596815,55.872430301596815,55.872430301596815,55.872430301596815,55.872430301596815,55.872430301596815,55.872430301596815,55.872430301596815,55.872430301596815,55.872430301596815,55.872430301596815,55.872430301596815,55.872430301596815,55.872430301596815,55.872430301596815,55.872430301596815,55.872430301596815,55.872430301596815,55.872430301596815,55.872430301596815,55.872430301596815,55.872430301596815,55.872430301596815,55.872430301596815,55.872430301596815,55.872430301596815,55.872430301596815,55.872430301596815,55.872430301596815,55.872430301596815,55.872430301596815,55.872430301596815,55.872430301596815,55.872430301596815,55.872430301596815,55.872430301596815,55.872430301596815,55.872430301596815,55.872430301596815,55.872430301596815,55.872430301596815,55.872430301596815,55.872430301596815,55.872430301596815,55.872430301596815,55.872430301596815,55.872430301596815,55.872430301596815,55.872430301596815,55.872430301596815,55.872430301596815,55.872430301596815,55.872430301596815,55.872430301596815,55.872430301596815,55.872430301596815,55.872430301596815,55.872430301596815,55.872430301596815,55.872430301596815,55.872430301596815,55.872430301596815,55.872430301596815,55.872430301596815,55.872430301596815,55.872430301596815,55.872430301596815,55.872430301596815,55.872430301596815,55.872430301596815,55.872430301596815,55.872430301596815,55.872430301596815,55.872430301596815,55.872430301596815,56.35266342048183,56.35266342048183,56.35266342048183,56.35266342048183,56.35266342048183,56.35266342048183,56.35266342048183,56.35266342048183,56.35266342048183,56.35266342048183,56.35266342048183,56.35266342048183,56.35266342048183,56.35266342048183,56.35266342048183,56.35266342048183,56.35266342048183,56.35266342048183,56.35266342048183,56.35266342048183,56.35266342048183,56.35266342048183,56.953482195931336,56.953482195931336,56.953482195931336,56.953482195931336,56.953482195931336,56.953482195931336,56.953482195931336,56.953482195931336,56.953482195931336,56.953482195931336,56.953482195931336,56.953482195931336,56.953482195931336,56.953482195931336,56.953482195931336,56.953482195931336,56.953482195931336,56.953482195931336,56.953482195931336,56.953482195931336,56.953482195931336,56.953482195931336,56.953482195931336,56.953482195931336,56.953482195931336,56.953482195931336,56.953482195931336,56.953482195931336,56.953482195931336,56.953482195931336,56.953482195931336,56.953482195931336,56.953482195931336,56.953482195931336,56.953482195931336,56.953482195931336,56.953482195931336,56.953482195931336,56.953482195931336,56.953482195931336,56.953482195931336,56.953482195931336,56.953482195931336,56.953482195931336,56.953482195931336,56.953482195931336,56.953482195931336,56.953482195931336,56.953482195931336,56.953482195931336,56.953482195931336,56.953482195931336,56.953482195931336,56.953482195931336,56.953482195931336,56.953482195931336,56.953482195931336,56.953482195931336,56.953482195931336,56.953482195931336,56.953482195931336,56.953482195931336,56.953482195931336,56.953482195931336,56.953482195931336,56.953482195931336,57.55430097138084,57.55430097138084,57.55430097138084,57.55430097138084,57.55430097138084,57.55430097138084,57.55430097138084,57.55430097138084,57.55430097138084,57.55430097138084
0.8448109444546152,0.8750011420974642,1.304303635569572,1.334493833212421,1.334493833212421,1.334493833212421,1.334493833212421,1.334493833212421,1.334493833212421,1.334493833212421,1.763796326684529,2.698406928732365,2.698406928732365,2.698406928732365,2.9544024319558435,3.210397935179322,3.210397935179322,3.210397935179322,3.210397935179322,3.4663934384028003,3.4663934384028003,3.4663934384028003,3.8956959318749083,3.8956959318749083,3.83987052799165,4.269173021463757,4.269173021463757,4.269173021463757,4.269173021463757,4.269173021463757,4.269173021463757,4.269173021463757,4.698475514935865,4.698475514935865,4.698475514935865,4.698475514935865,4.698475514935865,4.698475514935865,4.698475514935865,5.127778008407972,5.127778008407972,5.127778008407972,5.127778008407972,5.127778008407972,5.127778008407972,5.127778008407972,5.383773511631451,5.383773511631451,5.383773511631451,5.383773511631451,5.383773511631451,5.383773511631451,5.383773511631451,5.639769014854929,5.639769014854929,5.639769014854929,5.639769014854929,5.639769014854929,5.639769014854929,5.639769014854929,5.639769014854929,5.639769014854929,5.639769014854929,5.639769014854929,5.639769014854929,5.639769014854929,5.639769014854929,5.639769014854929,5.639769014854929,5.639769014854929,5.639769014854929,5.639769014854929,5.639769014854929,5.639769014854929,5.639769014854929,5.639769014854929,5.639769014854929,5.639769014854929,5.639769014854929,6.069071508327037,6.069071508327037,6.069071508327037,6.498374001799144,6.7543695050226225,6.7543695050226225,6.7543695050226225,6.7543695050226225,7.260125483438965,7.260125483438965,7.260125483438965,7.260125483438965,7.260125483438965,7.260125483438965,7.260125483438965,7.260125483438965,7.260125483438965,7.260125483438965,7.260125483438965,7.260125483438965,7.260125483438965,7.260125483438965,7.689427976911073,8.11873047038318,8.14892066802603,8.14892066802603,8.14892066802603,8.14892066802603,8.14892066802603,8.14892066802603,8.14892066802603,8.14892066802603,8.14892066802603,8.14892066802603,8.14892066802603,8.14892066802603,8.14892066802603,8.14892066802603,8.14892066802603,8.14892066802603,8.14892066802603,8.14892066802603,8.14892066802603,8.14892066802603,8.14892066802603,8.14892066802603,8.14892066802603,8.14892066802603,8.14892066802603,7.932658880900245,7.932658880900245,7.932658880900245,7.932658880900245,7.932658880900245,7.932658880900245,7.932658880900245,7.932658880900245,7.932658880900245,7.932658880900245,7.932658880900245,7.932658880900245,7.932658880900245,7.932658880900245,7.932658880900245,7.932658880900245,7.932658880900245,7.932658880900245,7.932658880900245,7.932658880900245,7.932658880900245,7.932658880900245,7.932658880900245,7.932658880900245,7.932658880900245,7.932658880900245,7.932658880900245,7.932658880900245,8.026953069499365,8.026953069499365,8.026953069499365,8.026953069499365,8.026953069499365,8.026953069499365,8.026953069499365,8.026953069499365,8.057143267142214,8.057143267142214,8.057143267142214,8.057143267142214,8.057143267142214,8.057143267142214,8.057143267142214,8.057143267142214,8.057143267142214,8.057143267142214,8.057143267142214,8.057143267142214,8.057143267142214,8.057143267142214,8.057143267142214,8.057143267142214,8.057143267142214,8.057143267142214,8.057143267142214,8.057143267142214,8.057143267142214,8.057143267142214,8.057143267142214,8.057143267142214,8.057143267142214,8.057143267142214,8.057143267142214,8.057143267142214,8.057143267142214,8.057143267142214,8.057143267142214,8.057143267142214,8.057143267142214,8.057143267142214,8.057143267142214,8.057143267142214,8.057143267142214,8.057143267142214,8.057143267142214,8.057143267142214,8.057143267142214,8.057143267142214,8.057143267142214,8.057143267142214,8.057143267142214,8.057143267142214,8.057143267142214,8.057143267142214,8.057143267142214,8.057143267142214,8.057143267142214,8.057143267142214,8.057143267142214,8.057143267142214,8.057143267142214,8.057143267142214,8.057143267142214,8.057143267142214,8.057143267142214,8.057143267142214,8.057143267142214,8.057143267142214,8.057143267142214,8.057143267142214,8.057143267142214,8.057143267142214,8.057143267142214,8.057143267142214,8.057143267142214,8.057143267142214,8.057143267142214,8.057143267142214,8.057143267142214,8.057143267142214,8.057143267142214,8.057143267142214,8.057143267142214,8.057143267142214,8.057143267142214,8.057143267142214,8.057143267142214,8.057143267142214,8.057143267142214,8.057143267142214,8.057143267142214,8.057143267142214,8.057143267142214,8.057143267142214,8.057143267142214,8.057143267142214,8.057143267142214,8.057143267142214,8.057143267142214,8.057143267142214,8.057143267142214,8.057143267142214,8.057143267142214,8.057143267142214,8.057143267142214,8.057143267142214,8.057143267142214,8.057143267142214,8.057143267142214,8.057143267142214,8.057143267142214,8.057143267142214,8.057143267142214,8.057143267142214,8.057143267142214,8.057143267142214,8.057143267142214,8.057143267142214,8.057143267142214,8.057143267142214,8.057143267142214,8.057143267142214,8.057143267142214,8.057143267142214,8.057143267142214,8.057143267142214,8.057143267142214,8.057143267142214,8.057143267142214,8.057143267142214,8.057143267142214,8.057143267142214,8.057143267142214,8.057143267142214,8.057143267142214,8.057143267142214,8.057143267142214,8.057143267142214,8.057143267142214,8.057143267142214,8.057143267142214,8.057143267142214
0.8777343095876009,1.7554686191752018,2.6332029287628025,3.5109372383504036,4.388671547938005,5.266405857525606,6.144140167113207,7.021874476700808,8.280714795805238,9.53955511490967,10.41728942449727,11.29502373408487,12.17275804367247,13.05049235326007,14.309332672364501,15.187066981952102,16.064801291539702,16.942535601127304,17.820269910714906,18.698004220302508,19.956844539406937,21.215684858511366,22.09341916809897,22.97115347768657,23.848887787274172,24.726622096861774,25.985462415966204,26.863196725553806,27.740931035141408,28.084880638861573,28.465986648378404,28.465986648378404,28.847092657895235,28.847092657895235,28.847092657895235,28.847092657895235,29.228198667412066,29.228198667412066,29.609304676928897,30.580739503627196,30.82767862821031,31.074617752793426,31.074617752793426,31.074617752793426,31.074617752793426,31.074617752793426,31.074617752793426,31.074617752793426,31.074617752793426,31.074617752793426,31.074617752793426,31.074617752793426,31.074617752793426,31.32155687737654,31.32155687737654,31.32155687737654,31.32155687737654,31.32155687737654,31.32155687737654,31.32155687737654,31.32155687737654,31.32155687737654,31.32155687737654,31.32155687737654,31.32155687737654,31.32155687737654,31.32155687737654,31.32155687737654,31.32155687737654,31.32155687737654,31.32155687737654,31.32155687737654,31.32155687737654,31.32155687737654,31.32155687737654,31.32155687737654,31.568496001959655,31.568496001959655,31.568496001959655,31.568496001959655,31.568496001959655,31.568496001959655,31.568496001959655,31.568496001959655,31.614468267419596,31.614468267419596,31.614468267419596,31.614468267419596,31.614468267419596,31.614468267419596,31.614468267419596,31.614468267419596,31.442168989880706,31.442168989880706,31.442168989880706,31.442168989880706,31.442168989880706,31.442168989880706,31.442168989880706,31.442168989880706,31.442168989880706,31.442168989880706,31.442168989880706,31.442168989880706,31.442168989880706,31.442168989880706,31.442168989880706,31.442168989880706,31.442168989880706,31.442168989880706,31.442168989880706,31.442168989880706,31.442168989880706,31.442168989880706,31.442168989880706,31.442168989880706,31.442168989880706,31.442168989880706,31.442168989880706,31.442168989880706,31.442168989880706,31.442168989880706,31.442168989880706,31.442168989880706,31.442168989880706,31.442168989880706,31.442168989880706,31.442168989880706,31.442168989880706,31.442168989880706,31.442168989880706,31.269869712341816,31.269869712341816,31.269869712341816,31.269869712341816,31.269869712341816,31.269869712341816,31.269869712341816,31.269869712341816,31.269869712341816,31.269869712341816,31.269869712341816,31.269869712341816,31.269869712341816,31.269869712341816,31.269869712341816,31.315841977801757,31.315841977801757,31.315841977801757,31.315841977801757,31.315841977801757,31.315841977801757,31.315841977801757,31.315841977801757,31.315841977801757,31.315841977801757,31.315841977801757,31.315841977801757,31.315841977801757,31.315841977801757,31.315841977801757,31.315841977801757,31.315841977801757,31.315841977801757,31.315841977801757,31.315841977801757,31.315841977801757,31.315841977801757,31.315841977801757,31.315841977801757,31.315841977801757,31.315841977801757,31.315841977801757,31.315841977801757,31.315841977801757,31.315841977801757,31.315841977801757,31.315841977801757,31.315841977801757,31.315841977801757,31.315841977801757,31.315841977801757,31.315841977801757,31.315841977801757,31.315841977801757,31.315841977801757,31.315841977801757,31.315841977801757,31.315841977801757,31.315841977801757,31.315841977801757,31.315841977801757,31.315841977801757,31.315841977801757,31.315841977801757,31.315841977801757,31.315841977801757,31.315841977801757,31.315841977801757,31.315841977801757,31.315841977801757,31.315841977801757,31.315841977801757,31.315841977801757,31.315841977801757,31.315841977801757,31.315841977801757,31.315841977801757,31.315841977801757,31.315841977801757,31.315841977801757,31.315841977801757,31.315841977801757,31.315841977801757,31.315841977801757,31.315841977801757,31.315841977801757,31.315841977801757,31.315841977801757,31.315841977801757,31.315841977801757,31.315841977801757,31.315841977801757,31.315841977801757,31.315841977801757,31.56278110238487,31.56278110238487,31.56278110238487,31.56278110238487,31.56278110238487,31.56278110238487,31.56278110238487,31.56278110238487,31.56278110238487,31.56278110238487,31.56278110238487,31.56278110238487,31.56278110238487,31.56278110238487,31.56278110238487,31.56278110238487,31.56278110238487,31.56278110238487,31.56278110238487,31.56278110238487,31.56278110238487,31.462714757097757,31.462714757097757,31.462714757097757,31.462714757097757,31.462714757097757,31.462714757097757,31.462714757097757,31.462714757097757,31.462714757097757,31.462714757097757,31.462714757097757,31.462714757097757,31.462714757097757,31.462714757097757,31.462714757097757,31.462714757097757,31.462714757097757,31.462714757097757,31.462714757097757,31.462714757097757,31.462714757097757,31.462714757097757,31.462714757097757,31.462714757097757,31.462714757097757,31.462714757097757,31.462714757097757,31.462714757097757,31.462714757097757,31.462714757097757,31.462714757097757,31.462714757097757,31.462714757097757,31.462714757097757,31.462714757097757,31.462714757097757,31.462714757097757,31.462714757097757,31.290415479558867,31.290415479558867,31.290415479558867,31.290415479558867,31.290415479558867,31.290415479558867,31.102033179201243,31.102033179201243,31.102033179201243,31.102033179201243,31.102033179201243,31.102033179201243,31.102033179201243,31.102033179201243,31.102033179201243,31.102033179201243
0.858806281312819,1.717612562625638,2.576418843938457,3.435225125251276,4.294031406564095,5.1528376878769135,6.011643969189732,6.870450250502551,7.72925653181537,8.58806281312819,9.44686909444101,9.724704083828225,9.724704083828225,9.724704083828225,9.724704083828225,9.724704083828225,9.724704083828225,10.674968232421007,10.927113975169657,11.179259717918308,11.431405460666959,11.431405460666959,11.431405460666959,11.431405460666959,11.68355120341561,11.68355120341561,11.68355120341561,11.68355120341561,11.68355120341561,11.93569694616426,11.93569694616426,11.93569694616426,11.93569694616426,11.93569694616426,11.93569694616426,11.93569694616426,11.93569694616426,11.93569694616426,11.93569694616426,11.93569694616426,11.93569694616426,11.93569694616426,11.93569694616426,11.93569694616426,11.93569694616426,11.93569694616426,11.93569694616426,11.93569694616426,11.573540595931936,11.573540595931936,11.573540595931936,11.573540595931936,11.573540595931936,11.573540595931936,11.573540595931936,11.936301871895537,12.188447614644188,12.188447614644188,12.188447614644188,12.188447614644188,12.188447614644188,12.188447614644188,12.188447614644188,12.188447614644188,12.188447614644188,12.188447614644188,12.188447614644188,12.188447614644188,12.188447614644188,12.188447614644188,12.188447614644188,12.188447614644188,12.188447614644188,12.188447614644188,12.188447614644188,12.113126841337252,12.113126841337252,12.113126841337252,12.365272584085902,12.365272584085902,12.365272584085902,12.365272584085902,12.365272584085902,12.365272584085902,12.728033860049504,12.728033860049504,12.728033860049504,12.728033860049504,12.728033860049504,12.728033860049504,12.728033860049504,12.728033860049504,12.728033860049504,12.728033860049504,12.728033860049504,12.728033860049504,12.728033860049504,12.581786909431212,12.581786909431212,12.581786909431212,12.581786909431212,12.581786909431212,12.581786909431212,12.581786909431212,12.581786909431212,12.581786909431212,12.581786909431212,12.581786909431212,12.581786909431212,12.581786909431212,12.581786909431212,12.581786909431212,12.581786909431212,12.581786909431212,12.581786909431212,12.581786909431212,12.581786909431212,12.581786909431212,12.50676056707098,12.50676056707098,12.50676056707098,12.50676056707098,12.50676056707098,12.50676056707098,12.50676056707098,12.50676056707098,12.50676056707098,12.50676056707098,12.50676056707098,12.50676056707098,12.50676056707098,12.50676056707098,12.50676056707098,12.50676056707098,12.50676056707098,12.50676056707098,12.50676056707098,12.50676056707098,12.50676056707098,12.50676056707098,12.50676056707098,12.50676056707098,12.50676056707098,12.50676056707098,12.50676056707098,12.50676056707098,12.50676056707098,12.50676056707098,12.50676056707098,12.50676056707098,12.50676056707098,12.50676056707098,12.86952184303458,12.86952184303458,12.86952184303458,12.86952184303458,12.86952184303458,12.86952184303458,12.86952184303458,12.86952184303458,12.86952184303458,12.86952184303458,12.86952184303458,12.86952184303458,12.86952184303458,12.86952184303458,12.86952184303458,12.86952184303458,12.86952184303458,12.86952184303458,12.86952184303458,12.86952184303458,12.86952184303458,12.86952184303458,12.86952184303458,12.86952184303458,13.232283118998179,13.232283118998179,13.232283118998179,13.595044394961779,13.595044394961779,13.595044394961779,13.595044394961779,13.595044394961779,13.595044394961779,13.595044394961779,13.595044394961779,13.595044394961779,13.595044394961779,13.595044394961779,13.595044394961779,13.595044394961779,13.595044394961779,13.595044394961779,13.595044394961779,13.595044394961779,13.595044394961779,13.595044394961779,13.595044394961779,13.595044394961779,13.595044394961779,13.957805670925378,13.957805670925378,13.957805670925378,13.957805670925378,13.957805670925378,13.957805670925378,13.957805670925378,13.957805670925378,13.957805670925378,13.957805670925378,13.957805670925378,13.957805670925378,13.957805670925378,13.957805670925378,13.957805670925378,13.957805670925378,13.957805670925378,13.957805670925378,13.957805670925378,13.957805670925378,13.957805670925378,13.957805670925378,13.957805670925378,13.957805670925378,13.957805670925378,13.957805670925378,13.957805670925378,13.882779328565146,13.882779328565146,13.882779328565146,13.882779328565146,13.882779328565146,13.882779328565146,13.882779328565146,13.882779328565146,13.882779328565146,13.882779328565146,14.440559446253078,14.440559446253078,14.440559446253078,14.440559446253078,14.440559446253078,14.440559446253078,14.440559446253078,14.440559446253078,14.803320722216679,14.803320722216679,14.803320722216679,14.803320722216679,14.803320722216679,14.803320722216679,14.803320722216679,14.803320722216679,14.803320722216679,14.803320722216679,14.803320722216679,14.803320722216679,14.803320722216679,14.803320722216679,14.702071464425927,15.064832740389527,15.064832740389527,15.064832740389527,15.064832740389527,15.064832740389527,14.918585789771235,14.918585789771235,14.918585789771235,14.918585789771235,14.918585789771235,14.843265016464299,14.843265016464299,14.843265016464299,14.843265016464299,14.843265016464299,15.2060262924279,15.2060262924279,15.2060262924279,15.2060262924279,15.2060262924279,15.2060262924279,15.2060262924279,15.2060262924279,15.2060262924279,15.2060262924279,15.2060262924279,15.2060262924279,15.2060262924279,15.2060262924279,15.2060262924279,15.2060262924279,15.2060262924279,15.2060262924279,15.2060262924279,15.2060262924279,15.2060262924279,15.2060262924279,15.2060262924279,15.2060262924279
0.8875462979714266,1.7750925959428532,2.6626388939142798,3.5501851918857064,4.437731489857133,5.3252777878285595,6.212824085799986,7.100370383771413,7.987916681742839,8.875462979714266,9.763009277685693,10.650555575657119,11.538101873628545,12.42564817159997,13.313194469571396,14.200740767542822,15.395976641021248,16.591212514499674,17.4787588124711,18.366305110442525,19.25385140841395,20.141397706385376,21.028944004356802,22.224179877835226,23.111726175806652,24.306962049285076,25.1945083472565,26.389744220734926,27.58498009421335,28.780215967691774,29.6677622656632,30.555308563634625,31.44285486160605,32.33040115957748,33.2179474575489,34.41318333102733,35.30072962899875,36.18827592697018,36.256386275240146,36.256386275240146,36.256386275240146,36.564075850747145,36.564075850747145,36.63218619901711,36.63218619901711,37.61459556805197,37.61459556805197,37.61459556805197,37.61459556805197,37.858835664705836,37.858835664705836,37.858835664705836,37.858835664705836,37.858835664705836,37.858835664705836,37.858835664705836,38.4107653368667,38.4107653368667,38.4107653368667,38.4107653368667,38.4107653368667,38.4107653368667,38.4107653368667,38.4107653368667,38.4107653368667,38.4107653368667,38.4107653368667,38.4107653368667,38.4107653368667,38.4107653368667,38.4107653368667,38.4107653368667,38.4107653368667,38.4107653368667,38.4107653368667,38.4107653368667,38.4107653368667,38.4107653368667,38.4107653368667,38.4107653368667,38.103075761359705,38.103075761359705,38.103075761359705,38.103075761359705,38.103075761359705,38.103075761359705,38.103075761359705,38.103075761359705,38.103075761359705,37.795386185852706,38.039626282506575,38.28386637916044,38.28386637916044,38.28386637916044,38.28386637916044,38.28386637916044,38.182462776149436,38.63493976895846,38.63493976895846,38.63493976895846,38.63493976895846,38.63493976895846,38.63493976895846,38.63493976895846,38.63493976895846,38.63493976895846,38.63493976895846,38.63493976895846,38.63493976895846,38.63493976895846,38.63493976895846,38.63493976895846,38.63493976895846,38.63493976895846,38.63493976895846,38.63493976895846,38.63493976895846,38.63493976895846,38.63493976895846,38.63493976895846,38.63493976895846,38.63493976895846,38.63493976895846,38.63493976895846,38.63493976895846,38.63493976895846,38.63493976895846,38.63493976895846,38.63493976895846,38.63493976895846,38.63493976895846,38.63493976895846,38.63493976895846,38.63493976895846,38.63493976895846,38.63493976895846,38.63493976895846,38.63493976895846,39.33661794215947,39.33661794215947,39.33661794215947,39.33661794215947,39.33661794215947,39.33661794215947,39.33661794215947,39.33661794215947,39.33661794215947,39.33661794215947,39.33661794215947,39.33661794215947,39.33661794215947,39.33661794215947,39.33661794215947,39.33661794215947,39.33661794215947,39.33661794215947,39.33661794215947,39.33661794215947,39.33661794215947,39.33661794215947,39.33661794215947,39.33661794215947,39.33661794215947,39.33661794215947,39.33661794215947,39.33661794215947,39.33661794215947,39.33661794215947,39.33661794215947,39.33661794215947,39.33661794215947,39.33661794215947,39.33661794215947,39.33661794215947,39.33661794215947,39.33661794215947,39.33661794215947,39.33661794215947,39.33661794215947,39.33661794215947,39.33661794215947,39.33661794215947,39.33661794215947,39.33661794215947,39.33661794215947,39.33661794215947,39.33661794215947,39.404728290429446,39.404728290429446,39.404728290429446,39.404728290429446,39.404728290429446,39.404728290429446,39.404728290429446,39.31049226032611,39.31049226032611,39.31049226032611,39.31049226032611,39.31049226032611,39.31049226032611,39.31049226032611,39.31049226032611,39.31049226032611,39.31049226032611,39.31049226032611,39.31049226032611,39.31049226032611,39.31049226032611,39.31049226032611,39.31049226032611,39.31049226032611,39.31049226032611,39.31049226032611,39.31049226032611,39.31049226032611,39.31049226032611,39.31049226032611,39.31049226032611,39.31049226032611,39.31049226032611,39.31049226032611,39.31049226032611,39.31049226032611,39.31049226032611,39.31049226032611,39.31049226032611,39.31049226032611,39.31049226032611,39.31049226032611,39.31049226032611,39.212996288400056,39.212996288400056,39.212996288400056,39.212996288400056,39.212996288400056,39.212996288400056,39.212996288400056,39.212996288400056,39.212996288400056,39.212996288400056,39.212996288400056,39.212996288400056,39.212996288400056,39.212996288400056,39.212996288400056,39.212996288400056,39.212996288400056,39.212996288400056,39.212996288400056,39.212996288400056,39.212996288400056,39.212996288400056,39.212996288400056,39.212996288400056,39.212996288400056,39.212996288400056,39.212996288400056,39.212996288400056,39.212996288400056,39.212996288400056,39.212996288400056,39.212996288400056,39.212996288400056,39.212996288400056,39.212996288400056,39.212996288400056,39.212996288400056,39.212996288400056,39.212996288400056,39.212996288400056,39.212996288400056,39.212996288400056,39.212996288400056,39.212996288400056,39.212996288400056,39.212996288400056,39.212996288400056,39.212996288400056,39.212996288400056,39.212996288400056,38.986814367651306,38.986814367651306,38.986814367651306,38.986814367651306,38.986814367651306,38.986814367651306,38.986814367651306,38.986814367651306,38.986814367651306,38.986814367651306,38.986814367651306,38.986814367651306,38.986814367651306,38.986814367651306,38.986814367651306,38.986814367651306,38.986814367651306,38.986814367651306,38.986814367651306,38.986814367651306
0.8682973355632524,1.7365946711265048,2.604892006689757,3.4731893422530096,4.3414866778162615,5.2097840133795135,6.078081348942765,6.946378684506017,7.814676020069269,8.682973355632521,9.551270691195773,10.419568026759025,11.287865362322277,12.156162697885529,13.383009293700962,14.251306629264214,15.119603964827466,15.987901300390718,16.85619863595397,17.72449597151722,18.592793307080473,19.461090642643725,20.329387978206977,21.19768531377023,21.050751274327503,21.050751274327503,21.050751274327503,21.050751274327503,21.050751274327503,21.050751274327503,21.050751274327503,22.370180266132348,22.619715261752294,22.86925025737224,22.86925025737224,22.86925025737224,22.86925025737224,23.118785252992186,23.118785252992186,23.118785252992186,23.118785252992186,23.118785252992186,23.118785252992186,23.118785252992186,23.118785252992186,23.118785252992186,23.118785252992186,23.118785252992186,23.118785252992186,23.72686950886431,23.72686950886431,23.72686950886431,24.08541876911649,24.08541876911649,24.08541876911649,24.08541876911649,24.08541876911649,24.08541876911649,24.08541876911649,24.08541876911649,24.08541876911649,24.44396802936867,24.44396802936867,24.44396802936867,24.802517289620848,24.802517289620848,24.802517289620848,24.802517289620848,24.802517289620848,24.802517289620848,24.802517289620848,24.802517289620848,24.802517289620848,24.802517289620848,24.802517289620848,24.802517289620848,24.802517289620848,25.161066549873027,25.161066549873027,25.519615810125206,25.519615810125206,25.769150805745152,25.769150805745152,25.769150805745152,25.769150805745152,26.12770006599733,26.12770006599733,26.12770006599733,26.12770006599733,26.12770006599733,26.12770006599733,26.12770006599733,26.12770006599733,26.12770006599733,26.12770006599733,26.12770006599733,26.12770006599733,26.12770006599733,26.12770006599733,26.12770006599733,26.12770006599733,26.12770006599733,26.12770006599733,26.12770006599733,26.12770006599733,25.980766026554605,25.980766026554605,25.980766026554605,25.980766026554605,25.980766026554605,25.980766026554605,26.23030102217455,26.23030102217455,26.23030102217455,26.23030102217455,26.892347136101524,26.892347136101524,26.892347136101524,26.892347136101524,26.892347136101524,26.892347136101524,26.892347136101524,26.892347136101524,26.892347136101524,26.892347136101524,26.892347136101524,26.892347136101524,26.892347136101524,26.892347136101524,26.892347136101524,26.892347136101524,26.892347136101524,26.892347136101524,26.892347136101524,26.892347136101524,26.892347136101524,26.892347136101524,26.892347136101524,26.892347136101524,26.892347136101524,26.892347136101524,26.892347136101524,26.892347136101524,26.892347136101524,26.892347136101524,26.892347136101524,26.892347136101524,26.892347136101524,26.892347136101524,26.892347136101524,26.892347136101524,26.892347136101524,26.892347136101524,26.892347136101524,26.892347136101524,26.892347136101524,26.892347136101524,26.892347136101524,26.892347136101524,26.892347136101524,26.892347136101524,26.892347136101524,26.892347136101524,26.892347136101524,26.892347136101524,26.892347136101524,26.892347136101524,26.892347136101524,26.892347136101524,26.892347136101524,26.892347136101524,26.892347136101524,26.892347136101524,26.892347136101524,26.892347136101524,26.892347136101524,26.892347136101524,26.892347136101524,26.892347136101524,26.892347136101524,26.892347136101524,26.892347136101524,27.019965585075518,27.019965585075518,27.019965585075518,27.019965585075518,26.92232750456729,26.92232750456729,26.92232750456729,26.92232750456729,26.92232750456729,26.92232750456729,26.92232750456729,26.92232750456729,26.92232750456729,26.92232750456729,26.92232750456729,26.92232750456729,26.92232750456729,26.92232750456729,26.92232750456729,26.92232750456729,26.92232750456729,26.92232750456729,26.92232750456729,26.92232750456729,26.92232750456729,26.92232750456729,26.92232750456729,26.92232750456729,26.92232750456729,26.92232750456729,26.92232750456729,26.92232750456729,26.92232750456729,26.92232750456729,26.92232750456729,26.92232750456729,26.92232750456729,26.92232750456729,26.92232750456729,26.92232750456729,26.92232750456729,26.92232750456729,26.92232750456729,26.92232750456729,26.92232750456729,26.92232750456729,26.92232750456729,26.92232750456729,26.92232750456729,26.92232750456729,26.92232750456729,26.92232750456729,26.92232750456729,26.92232750456729,26.92232750456729,26.92232750456729,26.92232750456729,26.92232750456729,26.92232750456729,26.92232750456729,26.92232750456729,26.92232750456729,26.92232750456729,26.92232750456729,26.92232750456729,26.92232750456729,26.92232750456729,26.92232750456729,26.92232750456729,26.92232750456729,26.92232750456729,26.92232750456729,26.92232750456729,26.92232750456729,26.92232750456729,26.92232750456729,26.92232750456729,26.92232750456729,26.92232750456729,26.92232750456729,26.92232750456729,26.92232750456729,26.92232750456729,26.92232750456729,26.92232750456729,26.92232750456729,26.92232750456729,26.949366255144866,26.949366255144866,26.949366255144866,26.949366255144866,26.949366255144866,26.949366255144866,26.949366255144866,26.949366255144866,26.949366255144866,26.949366255144866,26.949366255144866,26.949366255144866,26.949366255144866,26.949366255144866,26.949366255144866,26.949366255144866,26.949366255144866,26.949366255144866,26.949366255144866,26.949366255144866,26.949366255144866,26.949366255144866,26.949366255144866,26.949366255144866,26.949366255144866,26.949366255144866,26.949366255144866,26.949366255144866,26.949366255144866,26.949366255144866,26.949366255144866
0.884376786483539,1.768753572967078,2.653130359450617,2.6898092516558156,2.6898092516558156,2.6898092516558156,2.6898092516558156,2.6898092516558156,3.0120585285938173,3.0120585285938173,3.0120585285938173,3.990922852868186,3.990922852868186,3.990922852868186,4.236034801352002,4.236034801352002,4.236034801352002,4.431017633930804,4.431017633930804,4.431017633930804,4.431017633930804,4.431017633930804,4.431017633930804,4.431017633930804,4.431017633930804,4.431017633930804,4.431017633930804,4.431017633930804,4.431017633930804,4.431017633930804,4.431017633930804,4.431017633930804,4.431017633930804,4.431017633930804,4.431017633930804,4.431017633930804,4.431017633930804,4.431017633930804,4.431017633930804,4.431017633930804,4.467696526136002,4.467696526136002,4.467696526136002,4.467696526136002,4.467696526136002,4.467696526136002,4.467696526136002,4.504375418341201,4.504375418341201,4.504375418341201,4.504375418341201,4.504375418341201,4.749487366825017,4.749487366825017,4.749487366825017,4.749487366825017,4.749487366825017,4.749487366825017,4.749487366825017,4.749487366825017,4.749487366825017,4.749487366825017,4.749487366825017,4.749487366825017,4.749487366825017,4.749487366825017,4.749487366825017,4.749487366825017,4.749487366825017,4.749487366825017,4.749487366825017,4.749487366825017,4.749487366825017,4.749487366825017,4.749487366825017,4.749487366825017,4.749487366825017,4.749487366825017,4.749487366825017,4.749487366825017,4.749487366825017,4.749487366825017,4.580321646471598,4.580321646471598,4.580321646471598,4.580321646471598,4.580321646471598,4.580321646471598,4.580321646471598,4.580321646471598,4.580321646471598,4.799504342562287,4.799504342562287,4.799504342562287,4.799504342562287,4.799504342562287,4.799504342562287,4.799504342562287,4.799504342562287,4.799504342562287,4.799504342562287,4.799504342562287,4.799504342562287,4.799504342562287,4.799504342562287,4.9036207557732645,4.9036207557732645,4.9036207557732645,4.9036207557732645,4.9036207557732645,4.9036207557732645,4.9036207557732645,4.9036207557732645,4.9036207557732645,4.9036207557732645,4.9036207557732645,4.9036207557732645,4.9036207557732645,4.9036207557732645,4.9036207557732645,4.9036207557732645,4.9036207557732645,4.9036207557732645,4.9036207557732645,5.14873270425708,5.14873270425708,5.14873270425708,5.14873270425708,5.14873270425708,5.470981981195082,5.470981981195082,5.470981981195082,5.470981981195082,5.470981981195082,5.470981981195082,5.470981981195082,5.470981981195082,5.470981981195082,5.470981981195082,5.470981981195082,5.316201389864574,5.316201389864574,5.316201389864574,5.316201389864574,5.316201389864574,5.316201389864574,5.316201389864574,5.802426836921534,6.047538785405349,6.047538785405349,6.369788062343351,6.369788062343351,6.369788062343351,6.369788062343351,6.369788062343351,6.369788062343351,6.369788062343351,6.369788062343351,6.369788062343351,6.369788062343351,6.369788062343351,6.369788062343351,6.369788062343351,6.369788062343351,6.369788062343351,6.369788062343351,6.369788062343351,6.692037339281352,6.692037339281352,6.692037339281352,6.692037339281352,6.692037339281352,6.692037339281352,6.692037339281352,6.692037339281352,6.692037339281352,6.692037339281352,6.692037339281352,6.692037339281352,6.692037339281352,6.692037339281352,6.692037339281352,6.692037339281352,7.014286616219354,7.014286616219354,7.014286616219354,7.014286616219354,7.014286616219354,7.014286616219354,7.014286616219354,7.014286616219354,7.014286616219354,7.014286616219354,7.014286616219354,7.014286616219354,7.014286616219354,7.014286616219354,7.014286616219354,7.014286616219354,7.014286616219354,7.014286616219354,7.014286616219354,7.014286616219354,7.014286616219354,7.014286616219354,7.014286616219354,7.336535893157356,7.336535893157356,7.336535893157356,7.336535893157356,7.336535893157356,7.336535893157356,7.336535893157356,7.336535893157356,7.336535893157356,7.336535893157356,7.336535893157356,7.336535893157356,7.336535893157356,7.336535893157356,7.658785170095357,7.658785170095357,7.658785170095357,7.658785170095357,7.658785170095357,7.658785170095357,7.658785170095357,7.658785170095357,7.658785170095357,7.658785170095357,7.658785170095357,7.658785170095357,7.658785170095357,7.658785170095357,7.981034447033359,7.981034447033359,7.981034447033359,7.981034447033359,7.981034447033359,7.981034447033359,7.981034447033359,7.981034447033359,7.981034447033359,7.981034447033359,7.981034447033359,7.981034447033359,7.981034447033359,7.981034447033359,7.981034447033359,7.981034447033359,7.981034447033359,7.981034447033359,7.981034447033359,7.981034447033359,7.981034447033359,7.981034447033359,7.981034447033359,7.981034447033359,7.981034447033359,7.981034447033359,7.981034447033359,7.981034447033359,7.981034447033359,8.303283723971361,8.303283723971361,8.303283723971361,8.303283723971361,8.303283723971361,8.303283723971361,8.303283723971361,8.303283723971361,8.303283723971361,8.303283723971361,8.303283723971361,8.303283723971361,8.303283723971361,8.303283723971361,8.303283723971361,8.303283723971361,8.303283723971361,8.303283723971361,8.303283723971361,8.303283723971361,8.303283723971361,8.303283723971361,8.303283723971361,8.303283723971361,8.303283723971361,8.303283723971361,8.303283723971361,8.303283723971361,8.303283723971361,8.303283723971361,8.303283723971361,8.303283723971361,8.303283723971361,8.303283723971361,8.33996261617656,8.33996261617656,8.33996261617656
0.9352871369641431,1.8705742739282862,2.8058614108924296,3.7411485478565725,4.676435684820715,5.611722821784858,6.547009958749001,7.482297095713144,8.417584232677287,9.564539847736441,10.499826984700585,11.435114121664729,12.370401258628872,13.305688395593016,14.24097553255716,15.176262669521304,16.111549806485446,17.046836943449588,17.98212408041373,18.91741121737787,18.93314795178686,18.93314795178686,19.14481642988187,19.14481642988187,19.14481642988187,19.14481642988187,20.39229159447817,20.39229159447817,20.39229159447817,20.39229159447817,20.39229159447817,20.623399403081276,20.623399403081276,20.835067881176286,21.046736359271296,21.277844167874402,21.277844167874402,21.489512645969413,21.5052493803784,21.5052493803784,21.716917858473412,21.716917858473412,21.716917858473412,21.928586336568422,21.928586336568422,21.928586336568422,22.159694145171528,22.159694145171528,22.159694145171528,22.37136262326654,22.37136262326654,22.37136262326654,22.37136262326654,22.37136262326654,22.37136262326654,22.37136262326654,22.37136262326654,22.602470431869644,22.602470431869644,22.602470431869644,22.602470431869644,22.602470431869644,22.602470431869644,22.602470431869644,22.602470431869644,22.602470431869644,23.04524671856776,23.04524671856776,23.04524671856776,23.04524671856776,23.04524671856776,23.04524671856776,23.04524671856776,23.04524671856776,23.04524671856776,23.04524671856776,23.04524671856776,23.04524671856776,23.04524671856776,23.04524671856776,23.04524671856776,23.04524671856776,23.04524671856776,23.04524671856776,23.04524671856776,23.04524671856776,23.04524671856776,23.04524671856776,23.04524671856776,23.04524671856776,23.04524671856776,23.04524671856776,23.04524671856776,23.087293171732057,23.087293171732057,23.087293171732057,23.087293171732057,23.087293171732057,23.087293171732057,23.087293171732057,23.087293171732057,23.087293171732057,23.087293171732057,23.087293171732057,23.087293171732057,23.087293171732057,23.087293171732057,23.087293171732057,23.087293171732057,23.087293171732057,23.087293171732057,23.087293171732057,23.087293171732057,23.087293171732057,23.087293171732057,23.318400980335163,23.318400980335163,23.318400980335163,23.318400980335163,23.318400980335163,23.318400980335163,23.318400980335163,23.318400980335163,23.318400980335163,23.220133551474735,23.220133551474735,23.220133551474735,23.220133551474735,23.1413801563126,23.1413801563126,23.1413801563126,23.25390447116181,23.25390447116181,23.25390447116181,23.25390447116181,23.25390447116181,23.25390447116181,23.25390447116181,23.25390447116181,23.25390447116181,23.25390447116181,23.25390447116181,23.25390447116181,23.25390447116181,23.25390447116181,23.25390447116181,23.25390447116181,23.25390447116181,23.25390447116181,23.25390447116181,23.25390447116181,23.25390447116181,23.25390447116181,23.25390447116181,23.25390447116181,23.25390447116181,23.25390447116181,23.25390447116181,23.25390447116181,23.25390447116181,23.25390447116181,23.25390447116181,23.25390447116181,23.25390447116181,23.25390447116181,23.25390447116181,23.25390447116181,23.25390447116181,23.25390447116181,23.25390447116181,23.25390447116181,23.25390447116181,23.25390447116181,23.25390447116181,23.25390447116181,23.25390447116181,23.25390447116181,23.25390447116181,23.25390447116181,23.25390447116181,23.25390447116181,23.25390447116181,23.25390447116181,23.25390447116181,23.25390447116181,23.25390447116181,23.25390447116181,23.25390447116181,23.25390447116181,23.25390447116181,23.25390447116181,23.25390447116181,23.25390447116181,23.25390447116181,23.25390447116181,23.25390447116181,23.25390447116181,23.25390447116181,23.25390447116181,23.25390447116181,23.25390447116181,23.25390447116181,23.25390447116181,23.25390447116181,23.25390447116181,23.25390447116181,23.25390447116181,23.25390447116181,23.25390447116181,23.25390447116181,23.25390447116181,23.25390447116181,23.25390447116181,23.25390447116181,23.25390447116181,23.25390447116181,23.25390447116181,23.25390447116181,23.25390447116181,23.25390447116181,23.25390447116181,23.25390447116181,23.25390447116181,23.25390447116181,23.485012279764916,23.716120088368022,23.94722789697113,23.94722789697113,23.94722789697113,23.94722789697113,23.94722789697113,23.94722789697113,23.94722789697113,23.94722789697113,23.94722789697113,23.94722789697113,23.94722789697113,23.94722789697113,23.94722789697113,23.94722789697113,23.94722789697113,23.94722789697113,23.94722789697113,23.94722789697113,23.94722789697113,23.94722789697113,23.94722789697113,24.05975221182034,24.05975221182034,24.05975221182034,24.05975221182034,24.05975221182034,24.05975221182034,24.05975221182034,24.05975221182034,24.05975221182034,24.05975221182034,24.05975221182034,24.05975221182034,24.05975221182034,24.05975221182034,24.05975221182034,24.05975221182034,24.05975221182034,24.05975221182034,24.05975221182034,24.05975221182034,24.05975221182034,24.05975221182034,24.05975221182034,24.05975221182034,24.058012591308763,24.058012591308763,24.058012591308763,24.058012591308763,24.058012591308763,24.058012591308763,24.058012591308763,24.058012591308763,24.058012591308763,24.058012591308763,24.058012591308763,24.058012591308763,24.058012591308763,24.058012591308763,24.058012591308763,24.058012591308763,24.058012591308763,24.058012591308763,24.058012591308763,24.058012591308763,24.058012591308763,24.058012591308763,24.058012591308763,24.058012591308763,24.058012591308763,24.058012591308763,24.058012591308763,24.058012591308763,24.058012591308763
0.874532512319486,1.749065024638972,2.9317143721687886,4.114363719698605,4.9888962320180905,5.863428744337576,6.737961256657062,7.612493768976548,8.487026281296034,9.36155879361552,10.236091305935007,11.110623818254494,11.98515633057398,12.859688842893467,13.734221355212954,14.60875386753244,15.483286379851927,16.357818892171412,17.2323514044909,18.106883916810386,19.289533264340204,20.16406577665969,21.038598288979177,21.913130801298664,23.09578014882848,24.2784294963583,25.461078843888117,26.643728191417935,27.518260703737422,28.39279321605691,29.267325728376395,30.141858240695882,31.01639075301537,31.890923265334855,33.07357261286467,33.948105125184156,34.82263763750364,35.69717014982312,36.571702662142606,37.44623517446209,38.32076768678157,39.195300199101055,40.06983271142054,40.94436522374002,41.818897736059505,42.69343024837899,43.56796276069847,44.442495273017954,45.31702778533744,46.19156029765692,47.0660928099764,47.94062532229589,48.81515783461537,49.68969034693485,50.564222859254336,51.43875537157382,52.3132878838933,53.49593723142312,53.78180637514832,53.78180637514832,53.78180637514832,53.78180637514832,53.78180637514832,53.78180637514832,54.08992321035865,54.08992321035865,54.08992321035865,54.08992321035865,55.0577768811997,55.0577768811997,55.0577768811997,55.305596738608045,55.55341659601639,55.801236453424735,56.04905631083308,56.04905631083308,56.04905631083308,56.04905631083308,56.04905631083308,56.04905631083308,56.04905631083308,56.04905631083308,56.296876168241425,56.296876168241425,56.296876168241425,56.296876168241425,55.9887593330311,55.9887593330311,55.9887593330311,55.9887593330311,55.9887593330311,56.23657919043944,56.23657919043944,56.23657919043944,56.23657919043944,56.23657919043944,56.23657919043944,56.23657919043944,56.23657919043944,56.23657919043944,56.23657919043944,56.23657919043944,56.23657919043944,56.23657919043944,56.48439904784779,56.48439904784779,56.48439904784779,56.48439904784779,56.48439904784779,56.48439904784779,56.48439904784779,56.48439904784779,56.2764545192804,56.2764545192804,56.2764545192804,56.2764545192804,56.2764545192804,56.2764545192804,56.2764545192804,56.2764545192804,56.2764545192804,56.2764545192804,56.2764545192804,56.2764545192804,56.2764545192804,56.2764545192804,56.2764545192804,56.2764545192804,56.2764545192804,56.2764545192804,56.2764545192804,56.18532823982715,56.18532823982715,56.18532823982715,56.18532823982715,56.18532823982715,56.18532823982715,56.18532823982715,56.18532823982715,56.18532823982715,56.18532823982715,56.18532823982715,56.18532823982715,56.18532823982715,56.18532823982715,56.18532823982715,56.18532823982715,56.18532823982715,56.18532823982715,56.18532823982715,56.18532823982715,56.18532823982715,56.18532823982715,56.18532823982715,56.18532823982715,56.18532823982715,56.18532823982715,56.18532823982715,56.18532823982715,56.815207049916054,56.815207049916054,56.815207049916054,56.815207049916054,56.815207049916054,56.815207049916054,56.815207049916054,56.815207049916054,56.815207049916054,56.815207049916054,56.815207049916054,56.815207049916054,56.815207049916054,56.815207049916054,56.815207049916054,56.815207049916054,56.815207049916054,56.815207049916054,56.815207049916054,56.815207049916054,56.815207049916054,56.815207049916054,56.815207049916054,56.815207049916054,56.815207049916054,56.815207049916054,56.815207049916054,56.815207049916054,56.617586353501395,56.617586353501395,56.617586353501395,56.617586353501395,56.617586353501395,56.617586353501395,56.617586353501395,56.617586353501395,56.617586353501395,56.617586353501395,56.617586353501395,56.617586353501395,56.617586353501395,56.617586353501395,56.617586353501395,56.617586353501395,56.617586353501395,56.617586353501395,56.617586353501395,56.617586353501395,56.617586353501395,56.617586353501395,56.617586353501395,56.617586353501395,56.617586353501395,56.617586353501395,56.617586353501395,56.617586353501395,56.617586353501395,56.617586353501395,56.617586353501395,56.617586353501395,56.617586353501395,56.617586353501395,56.617586353501395,56.617586353501395,56.617586353501395,56.617586353501395,56.617586353501395,56.617586353501395,56.617586353501395,56.617586353501395,56.617586353501395,56.617586353501395,56.617586353501395,56.617586353501395,56.617586353501395,56.617586353501395,56.617586353501395,56.617586353501395,56.617586353501395,56.617586353501395,56.617586353501395,56.617586353501395,56.617586353501395,56.617586353501395,56.617586353501395,56.617586353501395,56.617586353501395,56.617586353501395,56.617586353501395,56.617586353501395,56.617586353501395,56.617586353501395,56.617586353501395,56.617586353501395,56.617586353501395,56.617586353501395,56.526460074048146,56.526460074048146,56.526460074048146,56.526460074048146,56.526460074048146,56.526460074048146,56.526460074048146,56.526460074048146,56.526460074048146,56.526460074048146,56.526460074048146,56.526460074048146,56.526460074048146,56.526460074048146,56.526460074048146,56.526460074048146,56.526460074048146,56.526460074048146,56.526460074048146,56.526460074048146,56.526460074048146,56.526460074048146,56.526460074048146,56.526460074048146,56.526460074048146,56.526460074048146,56.526460074048146,56.526460074048146,56.526460074048146,56.526460074048146,56.526460074048146,56.526460074048146,56.526460074048146,56.526460074048146,56.526460074048146,56.526460074048146,56.526460074048146,56.526460074048146,56.526460074048146,56.526460074048146,56.526460074048146,56.526460074048146,56.526460074048146,56.526460074048146,56.526460074048146
0.8346368842200451,1.6692737684400902,2.503910652660135,3.3385475368801805,4.173184421100226,5.4205344335723975,6.255171317792443,7.089808202012488,7.9244450862325335,8.759081970452579,9.593718854672623,10.841068867144795,12.088418879616967,12.923055763837011,13.757692648057056,14.5923295322771,15.426966416497145,16.26160330071719,17.096240184937237,17.930877069157283,18.76551395337733,19.600150837597376,20.434787721817422,21.269424606037468,22.104061490257514,22.93869837447756,23.773335258697607,24.607972142917653,25.4426090271377,26.277245911357745,27.11188279557779,27.946519679797838,28.781156564017884,29.61579344823793,30.450430332457977,31.285067216678023,32.11970410089807,32.954340985118115,33.78897786933816,34.62361475355821,35.458251637778254,36.2928885219983,36.01395684109014,36.01395684109014,36.01395684109014,36.01395684109014,36.01395684109014,36.93718792958668,37.19598205747753,37.19598205747753,37.19598205747753,37.19598205747753,37.60869518572966,38.02140831398179,38.02140831398179,38.02140831398179,38.02140831398179,38.02140831398179,38.02140831398179,38.02140831398179,38.02140831398179,38.02140831398179,38.02140831398179,38.02140831398179,38.02140831398179,38.02140831398179,38.02140831398179,38.02140831398179,37.97336164355147,37.97336164355147,38.0554227181699,38.0554227181699,38.0554227181699,38.0554227181699,37.77649103726174,37.77649103726174,37.77649103726174,37.77649103726174,37.77649103726174,37.77649103726174,37.77649103726174,38.18920416551387,38.601917293766,38.601917293766,38.601917293766,38.601917293766,38.601917293766,38.775839623071754,38.775839623071754,38.775839623071754,38.775839623071754,38.775839623071754,38.775839623071754,38.775839623071754,38.775839623071754,38.775839623071754,38.775839623071754,38.775839623071754,38.775839623071754,38.775839623071754,38.775839623071754,38.775839623071754,38.775839623071754,38.775839623071754,38.775839623071754,38.775839623071754,38.775839623071754,38.775839623071754,38.775839623071754,38.775839623071754,38.775839623071754,38.775839623071754,38.775839623071754,38.775839623071754,39.18855275132388,39.18855275132388,39.447346879214734,39.447346879214734,39.447346879214734,39.706141007105586,39.706141007105586,39.706141007105586,39.706141007105586,39.706141007105586,39.706141007105586,40.118854135357715,40.118854135357715,40.118854135357715,40.118854135357715,40.118854135357715,40.118854135357715,40.118854135357715,40.118854135357715,40.118854135357715,40.118854135357715,40.118854135357715,40.790361391500696,40.790361391500696,40.790361391500696,40.790361391500696,40.790361391500696,40.790361391500696,40.790361391500696,40.790361391500696,40.790361391500696,40.790361391500696,40.790361391500696,40.790361391500696,40.790361391500696,40.790361391500696,40.790361391500696,40.790361391500696,40.790361391500696,40.790361391500696,40.790361391500696,40.790361391500696,40.790361391500696,40.790361391500696,40.790361391500696,40.790361391500696,40.790361391500696,40.790361391500696,40.790361391500696,40.790361391500696,40.790361391500696,40.790361391500696,40.790361391500696,40.790361391500696,40.790361391500696,40.790361391500696,40.790361391500696,40.790361391500696,40.790361391500696,40.790361391500696,40.790361391500696,40.790361391500696,40.790361391500696,40.790361391500696,40.790361391500696,40.790361391500696,40.790361391500696,40.790361391500696,40.790361391500696,40.790361391500696,40.790361391500696,40.790361391500696,40.790361391500696,40.790361391500696,40.790361391500696,40.790361391500696,41.468788973073934,41.468788973073934,41.468788973073934,41.468788973073934,41.468788973073934,41.468788973073934,41.468788973073934,41.468788973073934,41.468788973073934,41.468788973073934,41.468788973073934,41.468788973073934,41.468788973073934,41.468788973073934,41.468788973073934,41.468788973073934,41.468788973073934,41.468788973073934,41.468788973073934,41.468788973073934,41.468788973073934,41.468788973073934,41.468788973073934,41.468788973073934,41.91890760808533,41.91890760808533,41.91890760808533,41.91890760808533,41.91890760808533,41.91890760808533,41.91890760808533,41.91890760808533,41.91890760808533,41.91890760808533,41.91890760808533,41.91890760808533,41.91890760808533,41.91890760808533,41.91890760808533,41.91890760808533,41.91890760808533,41.91890760808533,41.91890760808533,41.91890760808533,41.91890760808533,41.91890760808533,41.91890760808533,41.91890760808533,41.91890760808533,41.91890760808533,41.91890760808533,41.91890760808533,41.91890760808533,41.91890760808533,41.91890760808533,41.91890760808533,41.91890760808533,41.91890760808533,41.91890760808533,41.91890760808533,41.91890760808533,41.91890760808533,41.91890760808533,41.91890760808533,41.91890760808533,41.91890760808533,41.91890760808533,41.91890760808533,41.91890760808533,41.91890760808533,41.91890760808533,41.91890760808533,41.91890760808533,41.91890760808533,41.91890760808533,41.91890760808533,41.91890760808533,41.91890760808533,41.91890760808533,41.91890760808533,41.91890760808533,41.91890760808533,41.91890760808533,41.91890760808533,41.91890760808533,41.91890760808533,41.91890760808533,41.91890760808533,41.91890760808533,41.91890760808533,41.91890760808533,41.91890760808533,41.909312025720645,41.909312025720645,41.909312025720645,41.909312025720645,41.909312025720645,41.909312025720645,41.909312025720645,41.909312025720645,41.909312025720645,41.909312025720645,41.909312025720645,41.909312025720645,41.909312025720645,41.909312025720645,41.909312025720645,41.909312025720645,41.909312025720645,41.909312025720645
0.9346583470834311,1.8693166941668622,2.8039750412502933,3.7386333883337244,4.6732917354171555,5.607950082500587,6.736235245815356,7.670893592898787,8.605551939982218,9.54021028706565,10.47486863414908,11.409526981232512,12.344185328315943,13.278843675399374,14.213502022482805,15.148160369566236,16.276445532881006,17.211103879964437,18.145762227047868,19.0804205741313,20.01507892121473,20.94973726829816,22.07802243161293,23.01268077869636,23.94733912577979,24.881997472863222,25.816655819946654,26.751314167030085,27.685972514113516,28.620630861196947,29.555289208280378,30.48994755536381,31.42460590244724,32.35926424953067,33.293922596614095,34.22858094369752,35.16323929078095,36.09789763786438,37.032555984947805,37.96721433203123,38.90187267911466,39.83653102619809,40.771189373281516,41.70584772036494,42.64050606744837,43.5751644145318,44.509822761615226,45.44448110869865,46.37913945578208,47.31379780286551,48.248456149948936,49.37674131326371,50.311399660347135,51.24605800743056,52.18071635451399,53.11537470159742,54.050033048680845,54.98469139576427,55.9193497428477,56.85400808993113,57.9822932532459,58.91695160032933,59.851609947412754,60.78626829449618,61.91455345781095,62.84921180489438,63.97749696820915,64.91215531529258,65.84681366237601,66.78147200945943,67.71613035654286,68.65078870362629,69.58544705070972,70.52010539779315,71.45476374487657,72.38942209196,73.32408043904343,74.25873878612686,75.19339713321028,76.12805548029371,77.06271382737714,76.98200406734776,76.98200406734776,77.1756308835791,77.36925769981045,78.40436109551106,78.63564186818458,78.95398299706957,78.95398299706957,78.95398299706957,78.95398299706957,79.14760981330092,79.0754076733479,79.0754076733479,79.0754076733479,79.0754076733479,79.0754076733479,79.01757203776525,79.01757203776525,79.01757203776525,79.24885281043876,79.48013358311228,79.48013358311228,79.48013358311228,79.48013358311228,79.48013358311228,79.48013358311228,79.71141435578579,79.9426951284593,79.9426951284593,79.9426951284593,79.9426951284593,79.9426951284593,79.9426951284593,80.17397590113282,80.40525667380633,80.40525667380633,80.40525667380633,80.40525667380633,80.40525667380633,80.33305453385331,80.33305453385331,80.33305453385331,80.33305453385331,80.33305453385331,80.33305453385331,80.33305453385331,80.33305453385331,80.33305453385331,80.33305453385331,80.33305453385331,80.33305453385331,80.33305453385331,80.33305453385331,80.56433530652683,80.56433530652683,80.56433530652683,80.56433530652683,80.56433530652683,80.56433530652683,80.56433530652683,80.56433530652683,80.56433530652683,80.56433530652683,80.56433530652683,80.56433530652683,80.56433530652683,80.56433530652683,80.56433530652683,80.56433530652683,80.56433530652683,80.56433530652683,80.56433530652683,80.56433530652683,80.56433530652683,80.56433530652683,80.56433530652683,80.56433530652683,80.56433530652683,80.56433530652683,80.56433530652683,80.56433530652683,80.56433530652683,80.56433530652683,80.56433530652683,80.56433530652683,80.56433530652683,80.56433530652683,80.49213316657381,80.49213316657381,80.49213316657381,80.49213316657381,80.49213316657381,80.49213316657381,80.49213316657381,80.49213316657381,80.49213316657381,80.49213316657381,80.72341393924732,80.72341393924732,80.72341393924732,80.72341393924732,80.72341393924732,80.72341393924732,80.72341393924732,80.72341393924732,80.72341393924732,80.72341393924732,80.72341393924732,80.72341393924732,80.72341393924732,80.95469471192084,80.95469471192084,80.95469471192084,80.95469471192084,80.95469471192084,80.95469471192084,80.95469471192084,80.95469471192084,80.95469471192084,80.95469471192084,80.95469471192084,80.95469471192084,80.95469471192084,80.95469471192084,80.87398495189146,80.87398495189146,80.87398495189146,80.87398495189146,80.87398495189146,80.87398495189146,80.87398495189146,80.87398495189146,80.87398495189146,80.87398495189146,80.87398495189146,80.87398495189146,80.87398495189146,80.87398495189146,80.87398495189146,80.87398495189146,80.87398495189146,80.87398495189146,80.87398495189146,80.87398495189146,80.80178281193844,80.80178281193844,80.80178281193844,80.80178281193844,80.80178281193844,80.80178281193844,80.80178281193844,80.80178281193844,80.80178281193844,80.80178281193844,80.80178281193844,80.80178281193844,80.80178281193844,80.80178281193844,80.80178281193844,80.80178281193844,80.80178281193844,80.80178281193844,80.80178281193844,80.80178281193844,80.80178281193844,80.80178281193844,80.80178281193844,80.80178281193844,80.80178281193844,80.80178281193844,80.80178281193844,80.80178281193844,80.80178281193844,80.80178281193844,80.80178281193844,80.80178281193844,80.80178281193844,80.80178281193844,81.3832570291411,81.3832570291411,81.3832570291411,81.3832570291411,81.3832570291411,81.3832570291411,81.3832570291411,81.3832570291411,81.3832570291411,81.55091529563026,81.55091529563026,81.55091529563026,81.55091529563026,81.55091529563026,81.55091529563026,81.55091529563026,81.55091529563026,81.55091529563026,81.55091529563026,81.55091529563026,81.55091529563026,81.55091529563026,81.55091529563026,81.47020553560088,81.47020553560088,81.47020553560088,81.47020553560088,81.47020553560088,81.47020553560088,81.47020553560088,81.47020553560088,81.47020553560088,81.41236990001823,81.41236990001823,81.41236990001823,81.41236990001823,81.41236990001823,81.41236990001823,81.41236990001823,81.41236990001823,81.41236990001823
