0,1,2,3,4,5,6,7,8,9,10,11,12,13,14,15,16,17,18,19,20,21,22,23,24,25,26,27,28,29,30,31,32,33,34,35,36,37,38,39,40,41,42,43,44,45,46,47,48,49,50,51,52,53,54,55,56,57,58,59,60,61,62,63,64,65,66,67,68,69,70,71,72,73,74,75,76,77,78,79,80,81,82,83,84,85,86,87,88,89,90,91,92,93,94,95,96,97,98,99,100,101,102,103,104,105,106,107,108,109,110,111,112,113,114,115,116,117,118,119,120,121,122,123,124,125,126,127,128,129,130,131,132,133,134,135,136,137,138,139,140,141,142,143,144,145,146,147,148,149,150,151,152,153,154,155,156,157,158,159,160,161,162,163,164,165,166,167,168,169,170,171,172,173,174,175,176,177,178,179,180,181,182,183,184,185,186,187,188,189,190,191,192,193,194,195,196,197,198,199,200,201,202,203,204,205,206,207,208,209,210,211,212,213,214,215,216,217,218,219,220,221,222,223,224,225,226,227,228,229,230,231,232,233,234,235,236,237,238,239,240,241,242,243,244,245,246,247,248,249,250,251,252,253,254,255,256,257,258,259,260,261,262,263,264,265,266,267,268,269,270,271,272,273,274,275,276,277,278,279,280,281,282,283,284,285,286,287,288,289,290,291,292,293,294,295,296,297,298,299
1.4708792835763576,2.0652005238706836,2.6595217641650097,3.253843004459336,3.848164244753662,4.442485485047988,5.0368067253423146,5.63112796563664,6.225449205930966,6.8197704462252915,7.414091686519617,8.884970970095974,9.4792922103903,10.073613450684626,10.667934690978951,11.262255931273277,12.733135214849634,13.32745645514396,13.921777695438285,14.516098935732611,15.110420176026937,15.704741416321262,16.29906265661559,16.893383896909917,17.487705137204244,18.082026377498572,18.6763476177929,19.270668858087227,19.864990098381554,20.45931133867588,21.05363257897021,21.647953819264536,22.242275059558864,22.83659629985319,23.43091754014752,24.025238780441846,25.496118064018205,26.090439304312532,26.68476054460686,28.15563982818322,28.749961068477546,29.344282308771874,29.9386035490662,30.53292478936053,31.127246029654856,32.598125313231215,33.19244655352554,33.78676779381987,34.3810890341142,34.975410274408524,36.44628955798488,37.04061079827921,37.63493203857354,38.229253278867866,38.82357451916219,39.41789575945652,40.01221699975085,40.606538240045175,41.2008594803395,41.79518072063383,43.26606000421019,43.86038124450452,44.454702484798844,45.04902372509317,45.6433449653875,46.237666205681826,46.831987445976154,47.42630868627048,48.02062992656481,48.614951166859136,49.20927240715346,49.80359364744779,50.39791488774212,50.992236128036446,51.58655736833077,52.1808786086251,52.77519984891943,53.369521089213755,53.96384232950808,54.55816356980241,55.15248481009674,55.746806050391065,56.34112729068539,56.93544853097972,57.52976977127405,58.124091011568375,58.7184122518627,59.31273349215703,59.90705473245136,60.501375972745684,61.09569721304001,61.69001845333434,63.1608977369107,63.755218977205026,64.34954021749935,65.8204195010757,66.41474074137003,67.00906198166435,67.60338322195867,68.19770446225299,68.7920257025473,69.38634694284163,69.98066818313595,70.57498942343027,71.16931066372459,71.76363190401891,72.35795314431323,72.95227438460755,73.54659562490187,74.14091686519619,74.73523810549051,75.32955934578483,75.92388058607915,76.51820182637347,77.11252306666779,77.70684430696211,78.30116554725643,78.89548678755075,79.48980802784507,80.08412926813939,80.67845050843371,81.27277174872803,81.86709298902235,82.46141422931667,83.055735469611,83.65005670990531,84.24437795019963,84.83869919049395,85.43302043078828,86.0273416710826,86.62166291137692,87.21598415167124,87.81030539196556,88.40462663225988,88.9989478725542,89.59326911284852,90.18759035314284,90.78191159343716,91.37623283373148,91.9705540740258,92.56487531432012,93.15919655461444,93.75351779490876,94.34783903520308,94.9421602754974,95.53648151579172,96.13080275608604,96.72512399638036,97.31944523667468,97.913766476969,98.50808771726332,99.10240895755764,99.69673019785196,100.29105143814628,100.8853726784406,101.47969391873492,102.07401515902924,102.66833639932356,103.26265763961788,103.8569788799122,104.45130012020653,105.04562136050085,105.63994260079517,106.23426384108949,106.8285850813838,107.42290632167813,108.01722756197245,108.61154880226677,109.20587004256109,109.80019128285541,110.39451252314973,110.98883376344405,111.58315500373837,112.17747624403269,112.77179748432701,113.36611872462133,113.96043996491565,114.55476120520997,115.14908244550429,115.74340368579861,116.33772492609293,116.93204616638725,117.52636740668157,118.12068864697589,118.71500988727021,119.30933112756453,119.90365236785885,120.49797360815317,121.0922948484475,121.68661608874181,122.28093732903613,122.87525856933046,123.46957980962478,124.0639010499191,124.65822229021342,125.25254353050774,125.84686477080206,126.44118601109638,127.0355072513907,127.62982849168502,128.22414973197934,128.81847097227367,129.412792212568,130.00711345286234,130.60143469315668,131.195755933451,131.79007717374535,132.38439841403968,132.97871965433401,133.57304089462835,134.16736213492268,134.76168337521702,135.35600461551135,135.9503258558057,136.54464709610002,137.13896833639436,137.7332895766887,138.32761081698303,138.92193205727736,139.5162532975717,140.11057453786603,140.70489577816036,141.2992170184547,141.89353825874903,142.48785949904337,143.0821807393377,143.67650197963204,144.27082321992637,144.8651444602207,145.45946570051504,146.05378694080937,146.6481081811037,147.24242942139804,147.83675066169238,148.4310719019867,149.02539314228105,149.61971438257538,150.21403562286972,150.80835686316405,151.40267810345838,151.99699934375272,152.59132058404705,153.1856418243414,153.77996306463572,154.37428430493006,154.9686055452244,155.56292678551873,156.15724802581306,156.7515692661074,157.34589050640173,157.94021174669606,158.5345329869904,159.12885422728473,159.72317546757907,160.3174967078734,160.91181794816774,161.50613918846207,162.1004604287564,162.69478166905074,163.28910290934508,163.8834241496394,164.47774538993374,165.07206663022808,165.6663878705224,166.26070911081675,166.85503035111108,167.44935159140542,168.04367283169975,168.6379940719941,169.23231531228842,169.82663655258276,170.4209577928771,171.01527903317142,171.60960027346576,172.2039215137601,172.79824275405443,173.39256399434876,173.9868852346431,174.58120647493743,175.17552771523177,175.7698489555261,176.36417019582044,176.95849143611477,177.5528126764091,178.14713391670344,178.74145515699777,179.3357763972921,179.93009763758644,180.52441887788078,181.1187401181751,181.71306135846945,182.30738259876378,182.90170383905811,183.49602507935245,184.09034631964678,184.68466755994112,185.27898880023545,185.8733100405298,186.46763128082412,187.06195252111846
0.5904271214925267,1.1808542429850535,1.7712813644775802,2.361708485970107,3.514300091169459,4.104727212661986,4.6951543341545126,5.285581455647039,5.876008577139565,6.4664356986320914,7.056862820124618,7.647289941617144,8.23771706310967,9.390308668309022,9.980735789801548,10.571162911294074,11.723754516493425,12.314181637985952,13.466773243185305,14.057200364677831,14.647627486170357,15.238054607662884,15.82848172915541,16.418908850647938,17.009335972140466,18.161927577339817,18.752354698832345,19.342781820324873,19.9332089418174,20.52363606330993,21.67622766850928,22.26665479000181,22.857081911494337,23.447509032986865,24.037936154479393,24.62836327597192,25.21879039746445,25.809217518956977,26.96180912415633,27.552236245648857,28.142663367141385,28.733090488633913,29.32351761012644,29.91394473161897,30.504371853111497,31.094798974604025,31.685226096096553,32.27565321758908,32.866080339081606,33.45650746057413,34.046934582066655,34.63736170355918,35.227788825051704,35.81821594654423,36.40864306803675,36.99907018952928,37.5894973110218,38.179924432514326,38.77035155400685,39.360778675499375,39.9512057969919,40.541632918484424,41.13206003997695,41.72248716146947,42.312914282962,42.90334140445452,44.05593300965388,44.6463601311464,45.236787252638926,45.82721437413145,46.417641495623975,47.0080686171165,47.598495738609024,48.18892286010155,48.77934998159407,49.3697771030866,49.96020422457912,50.55063134607165,51.14105846756417,51.731485589056696,52.32191271054922,52.912339832041745,53.50276695353427,54.093194075026794,54.68362119651932,55.27404831801184,55.86447543950437,56.45490256099689,57.04532968248942,57.63575680398194,58.226183925474466,58.81661104696699,59.407038168459515,59.99746528995204,60.587892411444564,61.17831953293709,61.76874665442961,62.35917377592214,62.94960089741466,63.540028018907186,64.13045514039972,65.28304674559907,65.87347386709159,66.46390098858411,67.05432811007664,67.64475523156916,68.79734683676851,69.38777395826104,69.97820107975356,70.56862820124609,71.15905532273861,71.74948244423113,72.33990956572366,72.93033668721618,73.52076380870871,74.11119093020123,74.70161805169376,75.29204517318628,75.8824722946788,76.47289941617133,77.06332653766385,77.65375365915638,78.2441807806489,78.83460790214143,79.42503502363395,80.01546214512648,80.605889266619,81.19631638811153,81.78674350960405,82.37717063109658,82.9675977525891,83.55802487408162,84.14845199557415,84.73887911706667,85.3293062385592,85.91973336005172,86.51016048154425,87.10058760303677,87.6910147245293,88.28144184602182,88.87186896751435,89.46229608900687,90.0527232104994,90.64315033199192,91.23357745348444,91.82400457497697,92.41443169646949,93.00485881796202,93.59528593945454,94.18571306094707,94.77614018243959,95.36656730393211,95.95699442542464,96.54742154691716,97.13784866840969,97.72827578990221,98.31870291139474,98.90913003288726,99.49955715437979,100.08998427587231,100.68041139736484,101.27083851885736,101.86126564034988,102.45169276184241,103.04211988333493,103.63254700482746,104.22297412631998,104.81340124781251,105.40382836930503,105.99425549079756,106.58468261229008,107.1751097337826,107.76553685527513,108.35596397676765,108.94639109826018,109.5368182197527,110.12724534124523,110.71767246273775,111.30809958423028,111.8985267057228,112.48895382721533,113.07938094870785,113.66980807020038,114.2602351916929,114.85066231318542,115.44108943467795,116.03151655617047,116.621943677663,117.21237079915552,117.80279792064805,118.39322504214057,118.9836521636331,119.57407928512562,120.16450640661814,120.75493352811067,121.3453606496032,121.93578777109572,122.52621489258824,123.11664201408077,123.70706913557329,124.29749625706582,124.88792337855834,125.47835050005087,126.06877762154339,126.65920474303591,127.24963186452844,127.84005898602096,128.4304861075135,129.02091322900603,129.61134035049855,130.20176747199108,130.7921945934836,131.38262171497612,131.97304883646865,132.56347595796117,133.1539030794537,133.74433020094622,134.33475732243875,134.92518444393127,135.5156115654238,136.10603868691632,136.69646580840885,137.28689292990137,137.8773200513939,138.46774717288642,139.05817429437894,139.64860141587147,140.239028537364,140.82945565885652,141.41988278034904,142.01030990184157,142.6007370233341,143.19116414482662,143.78159126631914,144.37201838781166,144.9624455093042,145.5528726307967,146.14329975228924,146.73372687378176,147.3241539952743,147.9145811167668,148.50500823825934,149.09543535975186,149.68586248124438,150.2762896027369,150.86671672422943,151.45714384572196,152.04757096721448,152.637998088707,153.22842521019953,153.81885233169206,154.40927945318458,154.9997065746771,155.59013369616963,156.18056081766215,156.77098793915468,157.3614150606472,157.95184218213973,158.54226930363225,159.13269642512478,159.7231235466173,160.31355066810983,160.90397778960235,161.49440491109488,162.0848320325874,162.67525915407992,163.26568627557245,163.85611339706497,164.4465405185575,165.03696764005002,165.62739476154255,166.21782188303507,166.8082490045276,167.39867612602012,167.98910324751265,168.57953036900517,169.1699574904977,169.76038461199022,170.35081173348274,170.94123885497527,171.5316659764678,172.12209309796032,172.71252021945284,173.30294734094537,173.8933744624379,174.48380158393041,175.07422870542294,175.66465582691546,176.255082948408,176.8455100699005,177.43593719139304,178.02636431288556,178.6167914343781,179.2072185558706,179.79764567736314,180.38807279885566,180.97849992034818,181.5689270418407,182.15935416333323,182.74978128482576
0.5848911326847219,1.1697822653694439,1.7546733980541658,2.3395645307388877,2.9244556634236094,3.509346796108331,4.094237928793053,4.6791290614777745,5.264020194162496,5.848911326847218,6.43380245953194,7.018693592216661,7.603584724901383,8.188475857586106,8.773366990270828,9.35825812295555,9.943149255640273,10.528040388324996,11.60899238875761,12.193883521442332,12.778774654127055,13.859726654559669,14.444617787244391,15.029508919929114,15.614400052613837,16.19929118529856,16.78418231798328,17.369073450668,17.95396458335272,18.538855716037443,19.123746848722163,19.708637981406884,20.293529114091605,20.878420246776326,21.463311379461047,22.048202512145767,22.63309364483049,23.21798477751521,23.80287591019993,24.38776704288465,24.97265817556937,25.557549308254092,26.142440440938813,26.727331573623534,27.312222706308255,27.897113838992976,28.482004971677696,29.066896104362417,29.651787237047138,30.732739237479752,31.317630370164473,32.39858237059709,32.983473503281814,33.56836463596654,34.15325576865126,34.73814690133599,35.32303803402071,36.40399003445333,36.988881167138054,37.57377229982278,38.654724300255396,39.23961543294012,39.824506565624844,40.90545856605746,41.490349698742186,42.07524083142691,42.660131964111635,43.24502309679636,43.82991422948108,44.41480536216581,44.99969649485053,45.58458762753526,46.16947876021998,46.754369892904705,47.33926102558943,48.42021302602205,49.00510415870677,49.589995291391496,50.67094729182411,51.25583842450884,51.84072955719356,52.425620689878286,53.01051182256301,53.595402955247735,54.18029408793246,55.26124608836508,55.8461372210498,56.431028353734526,57.01591948641925,57.600810619103974,58.1857017517887,58.77059288447342,59.35548401715815,59.94037514984287,60.525266282527596,61.11015741521232,61.695048547897045,62.27993968058177,62.864830813266494,63.44972194595122,64.03461307863594,64.61950421132066,65.20439534400538,65.7892864766901,66.37417760937481,66.95906874205953,67.54395987474425,68.12885100742896,68.71374214011368,69.2986332727984,69.88352440548312,70.46841553816783,71.05330667085255,71.63819780353727,72.22308893622198,72.8079800689067,73.39287120159142,73.97776233427614,74.56265346696085,75.14754459964557,75.73243573233029,76.317326865015,76.90221799769972,77.48710913038444,78.07200026306916,78.65689139575387,79.24178252843859,79.82667366112331,80.41156479380803,80.99645592649274,81.58134705917746,82.16623819186218,82.7511293245469,83.33602045723161,83.92091158991633,84.50580272260105,85.09069385528576,85.67558498797048,86.2604761206552,86.84536725333992,87.43025838602463,88.01514951870935,88.60004065139407,89.18493178407878,89.7698229167635,90.35471404944822,90.93960518213294,91.52449631481765,92.10938744750237,92.69427858018709,93.2791697128718,93.86406084555652,94.44895197824124,95.03384311092596,95.61873424361067,96.20362537629539,96.78851650898011,97.37340764166483,97.95829877434954,98.54318990703426,99.12808103971898,99.7129721724037,100.29786330508841,100.88275443777313,101.46764557045785,102.05253670314256,102.63742783582728,103.222318968512,103.80721010119672,104.39210123388143,104.97699236656615,105.56188349925087,106.14677463193559,106.7316657646203,107.31655689730502,107.90144802998974,108.48633916267445,109.07123029535917,109.65612142804389,110.2410125607286,110.82590369341332,111.41079482609804,111.99568595878276,112.58057709146748,113.16546822415219,113.75035935683691,114.33525048952163,114.92014162220634,115.50503275489106,116.08992388757578,116.6748150202605,117.25970615294521,117.84459728562993,118.42948841831465,119.01437955099937,119.59927068368408,120.1841618163688,120.76905294905352,121.35394408173823,121.93883521442295,122.52372634710767,123.10861747979239,123.6935086124771,124.27839974516182,124.86329087784654,125.44818201053126,126.03307314321597,126.61796427590069,127.2028554085854,127.78774654127012,128.37263767395484,128.95752880663957,129.5424199393243,130.12731107200904,130.71220220469377,131.2970933373785,131.88198447006323,132.46687560274796,133.0517667354327,133.63665786811742,134.22154900080216,134.8064401334869,135.39133126617162,135.97622239885635,136.56111353154108,137.1460046642258,137.73089579691054,138.31578692959528,138.90067806228,139.48556919496474,140.07046032764947,140.6553514603342,141.24024259301893,141.82513372570367,142.4100248583884,142.99491599107313,143.57980712375786,144.1646982564426,144.74958938912732,145.33448052181205,145.91937165449679,146.50426278718152,147.08915391986625,147.67404505255098,148.2589361852357,148.84382731792044,149.42871845060517,150.0136095832899,150.59850071597464,151.18339184865937,151.7682829813441,152.35317411402883,152.93806524671356,153.5229563793983,154.10784751208303,154.69273864476776,155.2776297774525,155.86252091013722,156.44741204282195,157.03230317550668,157.61719430819142,158.20208544087615,158.78697657356088,159.3718677062456,159.95675883893034,160.54164997161507,161.1265411042998,161.71143223698454,162.29632336966927,162.881214502354,163.46610563503873,164.05099676772346,164.6358879004082,165.22077903309292,165.80567016577766,166.3905612984624,166.97545243114712,167.56034356383185,168.14523469651658,168.7301258292013,169.31501696188604,169.89990809457078,170.4847992272555,171.06969035994024,171.65458149262497,172.2394726253097,172.82436375799443,173.40925489067916,173.9941460233639,174.57903715604863,175.16392828873336,175.7488194214181,176.33371055410282,176.91860168678755,177.50349281947229,178.08838395215702,178.67327508484175,179.25816621752648,179.8430573502112,180.42794848289594
0.6372833229177972,1.2745666458355944,1.9118499687533916,2.549133291671189,3.1864166145889863,3.8236999375067837,4.919051934553889,5.556335257471686,6.193618580389484,6.830901903307281,7.926253900354387,8.563537223272183,9.20082054618998,9.838103869107778,10.475387192025575,11.112670514943373,11.74995383786117,12.387237160778968,13.024520483696765,13.661803806614563,14.29908712953236,14.936370452450157,15.573653775367955,16.21093709828575,16.848220421203546,17.485503744121342,18.122787067039138,18.760070389956933,19.39735371287473,20.034637035792525,20.67192035871032,21.309203681628116,21.94648700454591,23.04183900159302,24.137190998640122,24.774474321557918,25.411757644475713,26.04904096739351,26.686324290311305,27.3236076132291,28.418959610276204,29.056242933194,29.693526256111795,30.7888782531589,31.426161576076694,32.06344489899449,32.700728221912286,33.33801154483008,33.97529486774788,34.61257819066567,35.24986151358347,35.887144836501264,36.52442815941906,37.161711482336855,37.79899480525465,38.43627812817245,39.07356145109024,39.71084477400804,40.348128096925834,41.44348009397294,42.08076341689073,42.71804673980853,43.355330062726324,43.99261338564412,44.629896708561915,45.26718003147971,45.90446335439751,46.5417466773153,47.1790300002331,47.816313323150894,48.911665320198,49.54894864311579,50.18623196603359,50.823515288951384,51.46079861186918,52.098081934786975,52.73536525770477,53.37264858062257,54.00993190354036,54.64721522645816,55.284498549375954,55.92178187229375,56.559065195211545,57.19634851812934,58.291700515176444,58.92898383809424,59.566267161012036,60.20355048392983,60.84083380684763,61.47811712976542,62.11540045268322,62.752683775601014,63.38996709851881,64.0272504214366,64.6645337443544,65.3018170672722,65.93910039018999,66.57638371310779,67.21366703602558,68.30901903307269,68.94630235599048,69.58358567890828,70.22086900182607,70.85815232474387,71.49543564766167,72.13271897057946,72.77000229349726,73.40728561641505,74.04456893933285,74.68185226225064,75.31913558516844,75.95641890808623,76.59370223100403,77.23098555392183,77.86826887683962,78.50555219975742,79.14283552267521,79.78011884559301,80.4174021685108,81.0546854914286,81.6919688143464,82.32925213726419,82.96653546018199,83.60381878309978,84.24110210601758,84.87838542893537,85.51566875185317,86.15295207477097,86.79023539768876,87.42751872060656,88.06480204352435,88.70208536644215,89.33936868935994,89.97665201227774,90.61393533519554,91.25121865811333,91.88850198103113,92.52578530394892,93.16306862686672,93.80035194978451,94.43763527270231,95.0749185956201,95.7122019185379,96.3494852414557,96.98676856437349,97.62405188729129,98.26133521020908,98.89861853312688,99.53590185604467,100.17318517896247,100.81046850188027,101.44775182479806,102.08503514771586,102.72231847063365,103.35960179355145,103.99688511646924,104.63416843938704,105.27145176230484,105.90873508522263,106.54601840814043,107.18330173105822,107.82058505397602,108.45786837689381,109.09515169981161,109.7324350227294,110.3697183456472,111.007001668565,111.64428499148279,112.28156831440059,112.91885163731838,113.55613496023618,114.19341828315397,114.83070160607177,115.46798492898957,116.10526825190736,116.74255157482516,117.37983489774295,118.01711822066075,118.65440154357854,119.29168486649634,119.92896818941414,120.56625151233193,121.20353483524973,121.84081815816752,122.47810148108532,123.11538480400311,123.75266812692091,124.3899514498387,125.0272347727565,125.6645180956743,126.30180141859209,126.93908474150989,127.57636806442768,128.2136513873455,128.8509347102633,129.48821803318108,130.12550135609888,130.76278467901668,131.40006800193447,132.03735132485227,132.67463464777006,133.31191797068786,133.94920129360565,134.58648461652345,135.22376793944125,135.86105126235904,136.49833458527684,137.13561790819463,137.77290123111243,138.41018455403022,139.04746787694802,139.68475119986581,140.3220345227836,140.9593178457014,141.5966011686192,142.233884491537,142.8711678144548,143.5084511373726,144.14573446029038,144.78301778320818,145.42030110612598,146.05758442904377,146.69486775196157,147.33215107487936,147.96943439779716,148.60671772071495,149.24400104363275,149.88128436655055,150.51856768946834,151.15585101238614,151.79313433530393,152.43041765822173,153.06770098113952,153.70498430405732,154.34226762697512,154.9795509498929,155.6168342728107,156.2541175957285,156.8914009186463,157.5286842415641,158.1659675644819,158.80325088739968,159.44053421031748,160.07781753323528,160.71510085615307,161.35238417907087,161.98966750198866,162.62695082490646,163.26423414782425,163.90151747074205,164.53880079365985,165.17608411657764,165.81336743949544,166.45065076241323,167.08793408533103,167.72521740824882,168.36250073116662,168.99978405408442,169.6370673770022,170.27435069992,170.9116340228378,171.5489173457556,172.1862006686734,172.8234839915912,173.46076731450898,174.09805063742678,174.73533396034458,175.37261728326237,176.00990060618017,176.64718392909796,177.28446725201576,177.92175057493355,178.55903389785135,179.19631722076915,179.83360054368694,180.47088386660474,181.10816718952253,181.74545051244033,182.38273383535812,183.02001715827592,183.65730048119372,184.2945838041115,184.9318671270293,185.5691504499471,186.2064337728649,186.8437170957827,187.4810004187005,188.11828374161828,188.75556706453608,189.39285038745388,190.03013371037167,190.66741703328947,191.30470035620726,191.94198367912506,192.57926700204285,193.21655032496065,193.85383364787845,194.49111697079624,195.12840029371404,195.76568361663183
0.5906079510729461,2.0099513785419116,2.6005593296148577,3.1911672806878038,3.78177523176075,4.372383182833696,4.962991133906642,5.553599084979588,6.144207036052534,7.517928784977293,8.93727221244626,9.527880163519207,10.118488114592154,10.7090960656651,11.299704016738048,11.890311967810995,12.480919918883941,13.071527869956888,13.662135821029835,14.252743772102782,14.84335172317573,15.433959674248676,16.024567625321623,16.61517557639457,17.205783527467517,17.796391478540464,18.38699942961341,19.806342857082377,20.396950808155324,20.98755875922827,21.57816671030122,22.168774661374165,22.759382612447112,23.34999056352006,23.940598514593006,24.531206465665953,25.1218144167389,25.712422367811847,26.303030318884794,26.89363826995774,27.484246221030688,28.074854172103635,28.66546212317658,29.25607007424953,29.846678025322475,30.437285976395422,31.02789392746837,31.618501878541316,32.20910982961426,32.79971778068721,33.39032573176016,33.980933682833104,34.57154163390605,35.162149584979,35.752757536051945,36.34336548712489,36.93397343819784,37.524581389270786,38.11518934034373,38.70579729141668,39.29640524248963,39.887013193562574,40.47762114463552,41.06822909570847,41.658837046781414,42.24944499785436,42.84005294892731,43.430660900000255,44.0212688510732,44.61187680214615,45.202484753219096,45.79309270429204,46.38370065536499,46.97430860643794,47.564916557510884,48.15552450858383,48.74613245965678,49.336740410729725,49.92734836180267,50.51795631287562,51.108564263948566,51.69917221502151,52.28978016609446,52.880388117167406,53.47099606824035,54.0616040193133,54.65221197038625,55.242819921459194,55.83342787253214,56.42403582360509,57.014643774678035,57.60525172575098,59.02459515321995,59.615203104292895,60.20581105536584,60.79641900643879,61.387026957511736,61.97763490858468,62.56824285965763,63.15885081073058,63.749458761803524,64.34006671287646,64.9306746639494,65.52128261502234,66.11189056609528,66.70249851716822,67.29310646824116,67.8837144193141,68.47432237038704,69.06493032145998,69.65553827253292,70.24614622360586,70.8367541746788,71.42736212575174,72.01797007682468,73.43731350429364,74.02792145536658,74.61852940643952,75.20913735751246,75.7997453085854,76.39035325965834,76.98096121073128,77.57156916180422,78.16217711287716,78.7527850639501,79.34339301502304,79.93400096609598,80.52460891716892,81.11521686824186,81.7058248193148,82.29643277038774,82.88704072146068,83.47764867253362,84.06825662360656,84.6588645746795,85.24947252575244,85.84008047682538,86.43068842789832,87.02129637897126,87.6119043300442,88.20251228111714,88.79312023219008,89.38372818326302,89.97433613433596,90.5649440854089,91.15555203648184,91.74615998755478,92.33676793862772,92.92737588970066,93.5179838407736,94.10859179184654,94.69919974291948,95.28980769399242,95.88041564506536,96.4710235961383,97.06163154721123,97.65223949828417,98.24284744935711,98.83345540043005,99.424063351503,100.01467130257593,100.60527925364887,101.19588720472181,101.78649515579475,102.3771031068677,102.96771105794063,103.55831900901357,104.14892696008651,104.73953491115945,105.33014286223239,105.92075081330533,106.51135876437827,107.10196671545121,107.69257466652415,108.28318261759709,108.87379056867003,109.46439851974297,110.05500647081591,110.64561442188885,111.23622237296179,111.82683032403473,112.41743827510767,113.00804622618061,114.42738965364957,115.01799760472251,115.60860555579545,117.02794898326441,117.61855693433735,118.20916488541029,118.79977283648323,119.39038078755617,119.98098873862911,120.57159668970205,121.16220464077499,121.75281259184793,122.34342054292087,122.93402849399381,123.52463644506675,124.11524439613969,125.53458782360865,126.12519577468159,126.71580372575453,127.30641167682747,127.8970196279004,128.48762757897336,129.0782355300463,129.66884348111924,130.25945143219218,130.85005938326512,131.44066733433806,132.031275285411,132.62188323648394,133.21249118755688,133.80309913862982,134.39370708970276,134.9843150407757,135.57492299184864,136.16553094292158,136.75613889399452,137.34674684506746,137.9373547961404,138.52796274721334,139.11857069828628,139.70917864935922,140.29978660043216,140.8903945515051,141.48100250257804,142.07161045365098,142.66221840472392,143.25282635579686,143.8434343068698,144.43404225794274,145.02465020901568,145.61525816008862,146.20586611116155,146.7964740622345,147.38708201330743,147.97768996438037,148.56829791545331,149.15890586652625,149.7495138175992,150.34012176867213,150.93072971974507,151.521337670818,152.11194562189095,152.7025535729639,153.29316152403683,153.88376947510977,154.4743774261827,155.06498537725565,155.6555933283286,156.24620127940153,156.83680923047447,157.4274171815474,158.01802513262035,158.6086330836933,159.19924103476623,159.78984898583917,160.3804569369121,160.97106488798505,161.561672839058,162.15228079013093,162.74288874120387,163.3334966922768,163.92410464334975,164.5147125944227,165.10532054549563,165.69592849656857,166.2865364476415,166.87714439871445,167.4677523497874,168.05836030086033,168.64896825193327,169.2395762030062,169.83018415407915,170.4207921051521,171.01140005622503,171.60200800729797,172.1926159583709,172.78322390944385,173.3738318605168,173.96443981158973,174.55504776266267,175.1456557137356,175.73626366480855,176.3268716158815,176.91747956695443,177.50808751802737,178.0986954691003,178.68930342017325,180.1086468476422,180.69925479871515,181.28986274978809,181.88047070086103,182.47107865193396,183.0616866030069,183.65229455407984,184.24290250515278,184.83351045622572,185.42411840729866
0.5576903252682222,1.1153806505364443,1.6730709758046665,2.2307613010728886,2.7884516263411108,3.346141951609333,3.903832276877555,4.461522602145777,5.649098222184665,6.206788547452887,6.764478872721109,7.322169197989331,7.8798595232575535,8.437549848525776,8.995240173793999,9.55293049906222,10.110620824330443,11.031684777675814,11.589375102944036,12.147065428212258,12.70475575348048,13.262446078748702,13.820136404016925,14.377826729285147,14.935517054553369,15.493207379821591,16.050897705089813,16.608588030358035,17.166278355626257,17.72396868089448,18.281659006162702,18.839349331430924,19.397039656699146,19.95472998196737,20.51242030723559,21.070110632503813,21.627800957772035,22.185491283040257,22.74318160830848,23.3008719335767,23.858562258844923,24.416252584113145,24.973942909381368,25.53163323464959,26.089323559917812,26.647013885186034,27.204704210454256,27.76239453572248,28.3200848609907,28.877775186258923,29.435465511527145,29.993155836795367,30.55084616206359,31.10853648733181,31.666226812600033,32.223917137868256,32.78160746313648,33.33929778840471,33.89698811367293,34.45467843894116,35.012368764209384,35.57005908947761,36.127749414745836,36.68543974001406,37.24313006528229,37.80082039055051,38.35851071581874,38.916201041086964,39.47389136635519,40.031581691623416,40.58927201689164,41.14696234215987,41.70465266742809,42.26234299269632,42.820033317964544,43.37772364323277,43.935413968500995,44.49310429376922,45.05079461903745,45.60848494430567,46.1661752695739,46.723865594842124,47.28155592011035,47.839246245378575,48.3969365706468,48.95462689591503,49.51231722118325,50.07000754645148,50.627697871719704,51.18538819698793,51.743078522256155,52.30076884752438,52.85845917279261,53.41614949806083,53.97383982332906,54.531530148597284,55.08922047386551,55.646910799133735,56.20460112440196,56.76229144967019,57.31998177493841,57.87767210020664,58.435362425474864,58.99305275074309,59.550743076011315,60.10843340127954,60.66612372654777,61.22381405181599,61.78150437708422,62.339194702352444,62.89688502762067,63.454575352888895,64.01226567815712,64.56995600342535,65.12764632869357,65.6853366539618,66.24302697923002,66.80071730449825,67.35840762976648,67.9160979550347,68.47378828030293,69.03147860557115,69.58916893083938,70.1468592561076,70.70454958137583,71.26223990664406,71.81993023191228,72.3776205571805,72.93531088244873,74.12288650248762,74.68057682775584,75.23826715302407,75.7959574782923,76.35364780356052,76.91133812882875,77.46902845409697,78.0267187793652,78.58440910463342,79.14209942990165,79.69978975516987,80.2574800804381,80.81517040570633,81.37286073097455,81.93055105624278,82.488241381511,83.04593170677923,83.60362203204745,84.16131235731568,84.7190026825839,85.27669300785213,86.46426862789102,87.02195895315924,87.57964927842747,88.1373396036957,88.69502992896392,89.25272025423214,89.81041057950037,90.3681009047686,90.92579123003682,91.48348155530505,92.04117188057327,92.5988622058415,93.15655253110972,93.71424285637795,94.27193318164618,94.8296235069144,95.38731383218263,96.57488945222151,97.13257977748974,97.69027010275796,98.24796042802619,98.80565075329442,99.36334107856264,99.92103140383087,100.47872172909909,101.03641205436732,101.59410237963554,102.15179270490377,102.709483030172,103.26717335544022,103.82486368070845,104.38255400597667,104.9402443312449,106.12781995128378,106.68551027655201,107.24320060182023,107.80089092708846,108.35858125235669,108.91627157762491,109.47396190289314,110.03165222816136,110.58934255342959,111.14703287869781,111.70472320396604,112.26241352923427,112.82010385450249,113.37779417977072,113.93548450503894,114.49317483030717,115.0508651555754,115.60855548084362,116.16624580611185,116.72393613138007,117.2816264566483,117.83931678191652,118.39700710718475,119.58458272722363,120.14227305249186,120.69996337776008,121.25765370302831,121.81534402829654,122.37303435356476,122.93072467883299,123.48841500410121,124.04610532936944,124.60379565463766,125.16148597990589,125.71917630517412,126.27686663044234,126.83455695571057,128.02213257574945,128.57982290101768,129.1375132262859,129.69520355155413,130.25289387682236,130.81058420209058,131.3682745273588,131.92596485262703,132.48365517789526,133.04134550316348,133.5990358284317,134.15672615369994,134.71441647896816,135.2721068042364,136.4596824242753,137.0173727495435,137.57506307481174,138.13275340007996,138.6904437253482,139.24813405061641,139.80582437588464,140.36351470115287,140.9212050264211,141.47889535168932,142.03658567695754,142.59427600222577,143.151966327494,143.70965665276222,144.26734697803045,144.82503730329867,145.3827276285669,145.94041795383512,146.49810827910335,147.05579860437157,147.6134889296398,148.17117925490803,148.72886958017625,149.28655990544448,149.8442502307127,150.40194055598093,150.95963088124915,151.51732120651738,152.0750115317856,153.2625871518245,153.82027747709273,154.37796780236096,154.93565812762918,155.4933484528974,156.05103877816563,156.60872910343386,157.16641942870208,157.7241097539703,158.28180007923854,158.83949040450676,159.397180729775,159.9548710550432,160.51256138031144,161.07025170557966,161.6279420308479,162.18563235611612,162.74332268138434,163.30101300665257,163.8587033319208,164.41639365718902,164.97408398245724,165.53177430772547,166.0894646329937,166.64715495826192,167.20484528353015,167.76253560879837,168.3202259340666,168.87791625933482,169.43560658460305,169.99329690987128,170.5509872351395,171.10867756040773,171.66636788567595,172.22405821094418,172.7817485362124,173.33943886148063
1.1169136022135413,2.2338272044270826,3.3507408066406237,4.467654408854165,5.015496345695389,5.5633382825366136,6.111180219377838,7.228093821591379,7.775935758432603,8.892849360646144,9.44069129748737,10.55760489970091,11.105446836542136,12.222360438755677,12.770202375596902,13.318044312438126,14.434957914651667,14.982799851492892,16.099713453706432,16.647555390547655,17.19539732738888,17.743239264230102,18.291081201071325,18.83892313791255,19.38676507475377,19.934607011594995,20.482448948436218,21.03029088527744,21.578132822118665,22.125974758959888,22.67381669580111,23.221658632642335,23.769500569483558,24.31734250632478,24.865184443166005,25.413026380007228,25.96086831684845,26.508710253689674,27.056552190530898,27.60439412737212,28.152236064213344,28.700078001054568,29.24791993789579,29.795761874737014,30.343603811578237,30.89144574841946,31.439287685260684,31.987129622101907,32.534971558943134,33.08281349578436,33.63065543262558,34.178497369466804,34.72633930630803,35.27418124314925,35.822023179990474,36.3698651168317,36.91770705367292,37.465548990514144,38.01339092735537,38.56123286419659,39.10907480103781,39.65691673787904,40.20475867472026,40.75260061156148,41.30044254840271,41.84828448524393,42.39612642208515,42.94396835892638,43.4918102957676,44.03965223260882,44.587494169450046,45.13533610629127,45.68317804313249,46.231019979973716,46.77886191681494,47.32670385365616,47.874545790497386,48.42238772733861,48.97022966417983,49.518071601021056,50.06591353786228,50.6137554747035,51.161597411544726,51.70943934838595,52.25728128522717,52.805123222068396,53.35296515890962,53.90080709575084,54.448649032592066,54.99649096943329,55.54433290627451,56.092174843115735,56.64001677995696,57.18785871679818,57.735700653639405,58.28354259048063,58.83138452732185,59.379226464163075,59.9270684010043,60.47491033784552,61.022752274686745,61.57059421152797,62.11843614836919,62.666278085210415,63.21412002205164,63.76196195889286,64.30980389573409,64.85764583257532,65.40548776941654,65.95332970625776,66.50117164309898,67.04901357994021,67.59685551678143,68.14469745362265,68.69253939046388,69.2403813273051,69.78822326414632,70.33606520098755,70.88390713782877,71.43174907467,71.97959101151122,72.52743294835244,73.07527488519366,73.62311682203489,74.17095875887611,74.71880069571733,75.26664263255856,75.81448456939978,76.362326506241,76.91016844308223,77.45801037992345,78.00585231676467,78.5536942536059,79.10153619044712,79.64937812728834,80.19722006412957,80.74506200097079,81.29290393781201,81.84074587465324,82.38858781149446,82.93642974833568,83.4842716851769,84.03211362201813,84.57995555885935,85.12779749570058,85.6756394325418,86.22348136938302,86.77132330622425,87.31916524306547,87.8670071799067,88.41484911674792,88.96269105358914,89.51053299043036,90.05837492727159,90.60621686411281,91.15405880095403,91.70190073779526,92.24974267463648,92.7975846114777,93.34542654831893,93.89326848516015,94.44111042200137,94.9889523588426,95.53679429568382,96.08463623252504,96.63247816936627,97.18032010620749,97.72816204304871,98.27600397988994,98.82384591673116,99.37168785357238,99.9195297904136,100.46737172725483,101.01521366409605,101.56305560093728,102.1108975377785,102.65873947461972,103.20658141146095,103.75442334830217,104.30226528514339,104.85010722198462,105.39794915882584,105.94579109566706,106.49363303250828,107.04147496934951,107.58931690619073,108.13715884303195,108.68500077987318,109.2328427167144,109.78068465355562,110.32852659039685,110.87636852723807,111.4242104640793,111.97205240092052,112.51989433776174,113.06773627460296,113.61557821144419,114.16342014828541,114.71126208512663,115.25910402196786,115.80694595880908,116.3547878956503,116.90262983249153,117.45047176933275,117.99831370617397,118.5461556430152,119.09399757985642,119.64183951669764,120.18968145353887,120.73752339038009,121.28536532722131,121.83320726406254,122.38104920090376,122.92889113774498,123.4767330745862,124.02457501142743,124.57241694826865,125.12025888510988,125.6681008219511,126.21594275879232,126.76378469563355,127.31162663247477,127.859468569316,128.40731050615722,128.95515244299844,129.50299437983966,130.0508363166809,130.5986782535221,131.14652019036333,131.69436212720456,132.24220406404578,132.790046000887,133.33788793772823,133.88572987456945,134.43357181141067,134.9814137482519,135.52925568509312,136.07709762193434,136.62493955877557,137.1727814956168,137.720623432458,138.26846536929924,138.81630730614046,139.36414924298168,139.9119911798229,140.45983311666413,141.00767505350535,141.55551699034658,142.1033589271878,142.65120086402902,143.19904280087025,143.74688473771147,144.2947266745527,144.84256861139392,145.39041054823514,145.93825248507636,146.48609442191758,147.0339363587588,147.58177829560003,148.12962023244125,148.67746216928248,149.2253041061237,149.77314604296492,150.32098797980615,150.86882991664737,151.4166718534886,151.96451379032982,152.51235572717104,153.06019766401226,153.6080396008535,154.1558815376947,154.70372347453593,155.25156541137716,155.79940734821838,156.3472492850596,156.89509122190083,157.44293315874205,157.99077509558327,158.5386170324245,159.08645896926572,159.63430090610694,160.18214284294817,160.7299847797894,161.2778267166306,161.82566865347184,162.37351059031306,162.92135252715428,163.4691944639955,164.01703640083673,164.56487833767795,165.11272027451918,165.6605622113604,166.20840414820162,166.75624608504285,167.30408802188407,167.8519299587253,168.39977189556652,168.94761383240774,169.49545576924896,170.0432977060902
0.5486398661068002,1.0972797322136003,1.6459195983204005,2.1945594644272006,2.743199330534001,3.291839196640801,3.840479062747601,4.389118928854401,5.5414626396875235,6.090102505794324,6.638742371901124,7.187382238007924,7.736022104114724,8.284661970221524,8.833301836328324,9.381941702435125,9.930581568541925,10.479221434648725,11.027861300755525,11.576501166862325,12.125141032969125,12.673780899075926,13.222420765182726,13.771060631289526,14.319700497396326,14.868340363503126,15.416980229609926,16.56932394044305,17.11796380654985,18.27030751738297,18.81894738348977,19.36758724959657,20.519930960429694,21.068570826536494,21.617210692643294,22.165850558750094,22.714490424856894,23.263130290963694,23.811770157070494,24.360410023177295,24.909049889284095,25.457689755390895,26.006329621497695,26.554969487604495,27.103609353711295,27.652249219818096,28.200889085924896,28.749528952031696,29.298168818138496,29.846808684245296,30.395448550352096,30.944088416458897,31.492728282565697,32.0413681486725,32.5900080147793,33.1386478808861,33.687287746992894,34.839631457826016,35.99197516865914,37.14431887949226,38.29666259032538,38.84530245643218,39.9976461672653,40.5462860333721,41.094925899478895,41.64356576558569,42.19220563169249,42.740845497799285,43.28948536390608,43.83812523001288,44.386765096119674,44.93540496222647,46.08774867305959,46.63638853916639,47.18502840527319,47.73366827137998,48.28230813748678,48.830948003593576,49.37958786970037,49.92822773580717,50.476867601913966,51.02550746802076,51.57414733412756,52.122787200234356,52.67142706634115,53.22006693244795,53.768706798554746,54.31734666466154,54.86598653076834,55.414626396875136,55.96326626298193,56.51190612908873,57.060545995195525,57.60918586130232,58.15782572740912,58.706465593515915,59.25510545962271,59.80374532572951,60.352385191836305,60.9010250579431,61.4496649240499,61.998304790156695,62.54694465626349,63.09558452237029,63.644224388477085,64.19286425458388,64.74150412069068,65.29014398679747,65.83878385290427,66.38742371901107,66.93606358511786,67.48470345122466,68.03334331733146,68.58198318343825,69.13062304954505,69.67926291565185,70.22790278175864,70.77654264786544,71.32518251397224,71.87382238007903,72.42246224618583,72.97110211229263,73.51974197839942,74.06838184450622,74.61702171061302,75.16566157671981,75.71430144282661,76.2629413089334,76.8115811750402,77.360221041147,77.9088609072538,78.4575007733606,79.00614063946739,79.55478050557419,80.10342037168098,80.65206023778778,81.20070010389458,81.74933997000137,82.29797983610817,82.84661970221497,83.39525956832176,83.94389943442856,84.49253930053536,85.04117916664215,85.58981903274895,86.13845889885575,86.68709876496254,87.23573863106934,87.78437849717614,88.33301836328293,88.88165822938973,89.43029809549652,89.97893796160332,90.52757782771012,91.07621769381691,91.62485755992371,92.17349742603051,92.7221372921373,93.2707771582441,93.8194170243509,94.3680568904577,94.91669675656449,95.46533662267129,96.01397648877808,96.56261635488488,97.11125622099168,97.65989608709847,98.20853595320527,98.75717581931207,99.30581568541886,99.85445555152566,100.40309541763246,100.95173528373925,101.50037514984605,102.04901501595285,102.59765488205964,103.14629474816644,103.69493461427324,104.24357448038003,104.79221434648683,105.34085421259363,105.88949407870042,106.43813394480722,106.98677381091402,107.53541367702081,108.08405354312761,108.6326934092344,109.1813332753412,109.729973141448,110.2786130075548,110.82725287366159,111.37589273976839,111.92453260587519,112.47317247198198,113.02181233808878,113.57045220419558,114.11909207030237,114.66773193640917,115.21637180251597,115.76501166862276,116.31365153472956,116.86229140083636,117.41093126694315,117.95957113304995,118.50821099915674,119.05685086526354,119.60549073137034,120.15413059747713,120.70277046358393,121.25141032969073,121.80005019579752,122.34869006190432,122.89732992801112,123.44596979411791,123.99460966022471,124.54324952633151,125.0918893924383,125.6405292585451,126.1891691246519,126.7378089907587,127.28644885686549,127.83508872297229,128.38372858907908,128.9323684551859,129.4810083212927,130.02964818739952,130.57828805350633,131.12692791961314,131.67556778571995,132.22420765182676,132.77284751793357,133.32148738404038,133.8701272501472,134.418767116254,134.9674069823608,135.51604684846762,136.06468671457444,136.61332658068125,137.16196644678806,137.71060631289487,138.25924617900168,138.8078860451085,139.3565259112153,139.9051657773221,140.45380564342892,141.00244550953573,141.55108537564254,142.09972524174935,142.64836510785616,143.19700497396298,143.7456448400698,144.2942847061766,144.8429245722834,145.39156443839022,145.94020430449703,146.48884417060384,147.03748403671065,147.58612390281746,148.13476376892427,148.68340363503108,149.2320435011379,149.7806833672447,150.32932323335152,150.87796309945833,151.42660296556514,151.97524283167195,152.52388269777876,153.07252256388557,153.62116242999238,154.1698022960992,154.718442162206,155.2670820283128,155.81572189441962,156.36436176052644,156.91300162663325,157.46164149274006,158.01028135884687,158.55892122495368,159.1075610910605,159.6562009571673,160.2048408232741,160.75348068938092,161.30212055548773,161.85076042159454,162.39940028770135,162.94804015380817,163.49668001991498,164.0453198860218,164.5939597521286,165.1425996182354,165.69123948434222,166.23987935044903,166.78851921655584,167.33715908266265,167.88579894876946,168.43443881487627,168.98307868098308,169.5317185470899,170.0803584131967,170.62899827930352
0.6186619563596661,1.2373239127193323,1.8559858690789985,2.4746478254386646,3.0933097817983306,4.310153668737472,4.928815625097139,5.547477581456805,6.166139537816472,7.382983424755613,8.00164538111528,9.218489268054421,9.837151224414088,10.455813180773754,11.672657067712896,12.291319024072562,12.909980980432229,13.528642936791895,14.147304893151562,14.765966849511228,15.384628805870895,16.00329076223056,16.621952718590226,17.240614674949892,17.85927663130956,18.477938587669225,19.09660054402889,19.715262500388558,20.333924456748225,20.95258641310789,21.571248369467558,22.189910325827224,22.80857228218689,23.427234238546557,24.045896194906224,24.66455815126589,25.283220107625556,25.901882063985223,26.52054402034489,27.139205976704556,27.757867933064222,28.37652988942389,29.59337377636303,30.212035732722697,30.830697689082363,31.44935964544203,32.068021601801696,32.68668355816136,33.30534551452103,33.924007470880696,34.54266942724036,35.16133138360003,35.779993339959695,36.39865529631936,37.61549918325851,38.23416113961817,38.85282309597784,39.471485052337506,40.09014700869717,40.70880896505684,41.327470921416506,42.54431480835565,43.761158695294796,44.97800258223394,45.59666453859361,46.215326494953274,47.43217038189242,48.050832338252086,48.66949429461175,49.28815625097142,49.906818207331085,50.52548016369075,51.14414212005042,51.762804076410085,52.38146603276975,53.00012798912942,53.618789945489084,54.23745190184875,54.85611385820842,55.47477581456808,56.09343777092775,56.712099727287416,57.33076168364708,57.94942364000675,58.568085596366416,59.18674755272608,59.80540950908575,60.424071465445415,61.04273342180508,61.66139537816475,62.280057334524415,62.89871929088408,63.51738124724375,64.1360432036034,64.75470515996307,65.37336711632273,65.99202907268239,66.61069102904204,67.2293529854017,67.84801494176136,68.46667689812102,69.08533885448068,69.70400081084034,70.3226627672,70.94132472355966,71.55998667991932,72.17864863627898,72.79731059263864,73.4159725489983,74.03463450535796,74.65329646171762,75.27195841807728,75.89062037443693,76.5092823307966,77.12794428715625,77.74660624351591,78.36526819987557,78.98393015623523,79.60259211259489,80.22125406895455,80.83991602531421,81.45857798167387,82.07723993803353,82.69590189439319,83.31456385075285,83.9332258071125,84.55188776347217,85.17054971983183,85.78921167619148,86.40787363255114,87.0265355889108,87.64519754527046,88.26385950163012,88.88252145798978,89.50118341434944,90.1198453707091,90.73850732706876,91.35716928342842,91.97583123978808,92.59449319614774,93.2131551525074,93.83181710886706,94.45047906522672,95.06914102158638,95.68780297794603,96.3064649343057,96.92512689066535,97.54378884702501,98.16245080338467,98.78111275974433,99.39977471610399,100.01843667246365,100.63709862882331,101.25576058518297,101.87442254154263,102.49308449790229,103.11174645426195,103.7304084106216,104.34907036698127,104.96773232334093,105.58639427970058,106.20505623606024,106.8237181924199,107.44238014877956,108.06104210513922,108.67970406149888,109.29836601785854,109.9170279742182,110.53568993057786,111.15435188693752,111.77301384329718,112.39167579965684,113.0103377560165,113.62899971237616,114.24766166873582,114.86632362509548,115.48498558145513,116.1036475378148,116.72230949417445,117.34097145053411,117.95963340689377,118.57829536325343,119.19695731961309,119.81561927597275,120.43428123233241,121.05294318869207,121.67160514505173,122.29026710141139,122.90892905777105,123.5275910141307,124.14625297049037,124.76491492685003,125.38357688320968,126.00223883956934,126.620900795929,127.23956275228866,127.85822470864832,128.47688666500798,129.09554862136764,129.7142105777273,130.33287253408696,130.95153449044662,131.57019644680628,132.18885840316594,132.8075203595256,133.42618231588526,134.04484427224492,134.66350622860458,135.28216818496423,135.9008301413239,136.51949209768355,137.1381540540432,137.75681601040287,138.37547796676253,138.9941399231222,139.61280187948185,140.2314638358415,140.85012579220117,141.46878774856083,142.0874497049205,142.70611166128015,143.3247736176398,143.94343557399947,144.56209753035913,145.18075948671878,145.79942144307844,146.4180833994381,147.03674535579776,147.65540731215742,148.27406926851708,148.89273122487674,149.5113931812364,150.13005513759606,150.74871709395572,151.36737905031538,151.98604100667504,152.6047029630347,153.22336491939436,153.84202687575402,154.46068883211368,155.07935078847333,155.698012744833,156.31667470119265,156.9353366575523,157.55399861391197,158.17266057027163,158.7913225266313,159.40998448299095,160.0286464393506,160.64730839571027,161.26597035206993,161.8846323084296,162.50329426478925,163.1219562211489,163.74061817750857,164.35928013386822,164.97794209022788,165.59660404658754,166.2152660029472,166.83392795930686,167.45258991566652,168.07125187202618,168.68991382838584,169.3085757847455,169.92723774110516,170.54589969746482,171.16456165382448,171.78322361018414,172.4018855665438,173.02054752290346,173.63920947926312,174.25787143562277,174.87653339198243,175.4951953483421,176.11385730470175,176.7325192610614,177.35118121742107,177.96984317378073,178.5885051301404,179.20716708650005,179.8258290428597,180.44449099921937,181.06315295557903,181.6818149119387,182.30047686829835,182.919138824658,183.53780078101767,184.15646273737732,184.77512469373698,185.39378665009664,186.0124486064563,186.63111056281596,187.24977251917562,187.86843447553528,188.48709643189494,189.1057583882546,189.72442034461426,190.34308230097392,190.96174425733358,191.58040621369324
0.570344377606766,1.140688755213532,1.7110331328202981,2.281377510427064,2.85172188803383,3.422066265640596,3.9924106432473616,4.562755020854127,5.133099398460893,5.703443776067659,6.273788153674425,6.844132531281191,7.4144769088879565,7.984821286494722,9.238444511122223,9.808788888728989,10.379133266335755,10.94947764394252,11.519822021549286,12.090166399156052,12.660510776762818,13.230855154369584,13.80119953197635,14.371543909583115,14.941888287189881,15.512232664796647,16.082577042403415,16.65292142001018,17.223265797616946,17.793610175223712,18.363954552830478,19.617577777457978,20.187922155064744,20.75826653267151,21.328610910278275,21.89895528788504,22.469299665491807,23.039644043098573,23.60998842070534,24.180332798312104,24.75067717591887,25.321021553525636,25.891365931132402,26.461710308739168,27.032054686345933,27.6023990639527,28.172743441559465,29.426366666186965,29.99671104379373,31.25033426842123,31.820678646027996,32.391023023634766,33.64464624826227,34.214990625869035,34.7853350034758,35.35567938108257,35.92602375868933,36.4963681362961,37.066712513902864,37.63705689150963,38.207401269116396,39.4610244937439,40.031368871350665,40.60171324895743,41.855336473584934,42.4256808511917,42.996025228798466,43.56636960640523,44.136713984012,44.70705836161876,45.27740273922553,45.847747116832295,46.41809149443906,46.98843587204583,47.55878024965259,48.12912462725936,48.699469004866124,49.95309222949363,50.52343660710039,51.7770598317279,52.34740420933466,52.91774858694143,53.488092964548194,54.05843734215496,54.628781719761726,55.88240494438923,56.452749321995995,57.02309369960276,57.59343807720953,58.16378245481629,58.73412683242306,59.304471210029824,59.87481558763659,60.445159965243356,61.01550434285012,61.58584872045689,62.15619309806365,62.72653747567042,63.296881853277185,63.86722623088395,64.43757060849072,65.00791498609749,65.57825936370426,66.14860374131104,66.71894811891781,67.28929249652458,67.85963687413135,68.42998125173813,69.0003256293449,69.57067000695167,70.14101438455845,70.71135876216522,71.28170313977199,71.85204751737876,72.42239189498554,72.99273627259231,73.56308065019908,74.13342502780586,74.70376940541263,75.2741137830194,75.84445816062617,76.41480253823295,76.98514691583972,77.5554912934465,78.12583567105327,78.69618004866004,79.26652442626681,79.83686880387359,80.40721318148036,80.97755755908713,81.5479019366939,82.11824631430068,82.68859069190745,83.25893506951422,83.829279447121,84.39962382472777,84.96996820233454,85.54031257994131,86.11065695754809,86.68100133515486,87.25134571276163,87.8216900903684,88.39203446797518,88.96237884558195,89.53272322318873,90.1030676007955,90.67341197840227,91.24375635600904,91.81410073361582,92.38444511122259,92.95478948882936,93.52513386643614,94.09547824404291,94.66582262164968,95.23616699925645,95.80651137686323,96.37685575447,96.94720013207677,97.51754450968355,98.08788888729032,98.65823326489709,99.22857764250386,99.79892202011064,100.36926639771741,100.93961077532418,101.50995515293096,102.08029953053773,102.6506439081445,103.22098828575128,103.79133266335805,104.36167704096482,104.9320214185716,105.50236579617837,106.07271017378514,106.64305455139191,107.21339892899869,107.78374330660546,108.35408768421223,108.924432061819,109.49477643942578,110.06512081703255,110.63546519463932,111.2058095722461,111.77615394985287,112.34649832745964,112.91684270506641,113.48718708267319,114.05753146027996,114.62787583788673,115.1982202154935,115.76856459310028,116.33890897070705,116.90925334831383,117.4795977259206,118.04994210352737,118.62028648113414,119.19063085874092,119.76097523634769,120.33131961395446,120.90166399156124,121.47200836916801,122.04235274677478,122.61269712438155,123.18304150198833,123.7533858795951,124.32373025720187,124.89407463480865,125.46441901241542,126.03476339002219,126.60510776762897,127.17545214523574,127.74579652284251,128.31614090044928,128.88648527805606,129.45682965566283,130.0271740332696,130.59751841087638,131.16786278848315,131.73820716608992,132.3085515436967,132.87889592130347,133.44924029891024,134.019584676517,134.5899290541238,135.16027343173056,135.73061780933733,136.3009621869441,136.87130656455088,137.44165094215765,138.01199531976442,138.5823396973712,139.15268407497797,139.72302845258474,140.29337283019152,140.8637172077983,141.43406158540506,142.00440596301183,142.5747503406186,143.14509471822538,143.71543909583215,144.28578347343893,144.8561278510457,145.42647222865247,145.99681660625924,146.56716098386602,147.1375053614728,147.70784973907956,148.27819411668634,148.8485384942931,149.41888287189988,149.98922724950665,150.55957162711343,151.1299160047202,151.70026038232697,152.27060475993375,152.84094913754052,153.4112935151473,153.98163789275407,154.55198227036084,155.1223266479676,155.69267102557438,156.26301540318116,156.83335978078793,157.4037041583947,157.97404853600148,158.54439291360825,159.11473729121502,159.6850816688218,160.25542604642857,160.82577042403534,161.3961148016421,161.9664591792489,162.53680355685566,163.10714793446243,163.6774923120692,164.24783668967598,164.81818106728275,165.38852544488952,165.9588698224963,166.52921420010307,167.09955857770984,167.66990295531662,168.2402473329234,168.81059171053016,169.38093608813693,169.9512804657437,170.52162484335048,171.09196922095725,171.66231359856403,172.2326579761708,172.80300235377757,173.37334673138434,173.94369110899112,174.5140354865979,175.08437986420466,175.65472424181144,176.2250686194182,176.79541299702498,177.36575737463176,177.93610175223853
0.5945251219669514,1.1890502439339028,1.7835753659008542,2.3781004878678056,2.9726256098347568,4.274491337620378,4.869016459587329,5.4635415815542805,6.058066703521232,6.652591825488183,7.247116947455134,7.841642069422085,8.436167191389037,9.030692313355988,9.62521743532294,10.21974255728989,10.814267679256842,11.408792801223793,12.003317923190744,12.597843045157695,13.192368167124647,13.786893289091598,14.381418411058549,14.9759435330255,15.570468654992451,16.164993776959403,16.759518898926355,17.35404402089331,17.94856914286026,18.543094264827214,19.137619386794167,19.73214450876112,20.326669630728073,21.628535358513695,22.223060480480648,22.8175856024476,23.412110724414553,24.006635846381506,24.60116096834846,25.195686090315412,25.790211212282365,26.384736334249318,26.97926145621627,27.573786578183224,28.168311700150177,28.76283682211713,29.357361944084083,29.951887066051036,30.54641218801799,31.140937309984942,31.735462431951895,32.32998755391885,32.9245126758858,33.519037797852754,34.11356291981971,34.70808804178666,35.30261316375361,35.897138285720565,36.49166340768752,37.08618852965447,37.680713651621424,38.27523877358838,38.86976389555533,40.171629623340955,40.76615474530791,41.36067986727486,41.955204989241814,42.54973011120877,43.14425523317572,43.73878035514267,44.333305477109626,44.92783059907658,45.52235572104353,46.116880843010485,46.71140596497744,47.30593108694439,47.90045620891134,48.494981330878296,49.08950645284525,49.6840315748122,50.278556696779155,50.87308181874611,51.46760694071306,52.062132062680014,52.65665718464697,53.25118230661392,53.84570742858087,54.440232550547826,55.03475767251478,55.62928279448173,56.223807916448685,56.81833303841564,57.41285816038259,58.007383282349544,58.6019084043165,59.19643352628345,59.7909586482504,60.385483770217355,60.98000889218431,61.57453401415126,62.169059136118214,62.76358425808517,63.35810938005212,63.95263450201907,64.54715962398602,65.14168474595297,65.73620986791992,66.33073498988688,66.92526011185383,67.51978523382078,68.11431035578774,68.70883547775469,69.30336059972164,69.8978857216886,70.49241084365555,71.0869359656225,71.68146108758945,72.27598620955641,73.57785193734203,74.17237705930899,74.76690218127594,75.36142730324289,75.95595242520984,76.5504775471768,77.14500266914375,77.7395277911107,78.33405291307766,78.92857803504461,79.52310315701156,80.11762827897851,80.71215340094547,81.30667852291242,81.90120364487937,83.203069372665,83.79759449463195,84.3921196165989,84.98664473856586,85.58116986053281,86.17569498249976,86.77022010446672,87.36474522643367,87.95927034840062,88.55379547036758,89.14832059233453,89.74284571430148,90.33737083626843,90.93189595823539,91.52642108020234,92.12094620216929,92.71547132413625,93.3099964461032,93.90452156807015,94.4990466900371,95.09357181200406,95.68809693397101,96.28262205593796,96.87714717790492,97.47167229987187,98.06619742183882,98.66072254380578,99.25524766577273,99.84977278773968,100.44429790970663,101.03882303167359,101.63334815364054,102.2278732756075,102.82239839757445,103.4169235195414,104.01144864150835,104.6059737634753,105.20049888544226,106.50236461322788,107.09688973519484,107.69141485716179,108.28593997912874,108.8804651010957,109.47499022306265,110.0695153450296,110.66404046699655,111.2585655889635,111.85309071093046,112.44761583289741,113.04214095486437,113.63666607683132,114.23119119879827,114.82571632076522,115.42024144273218,116.01476656469913,116.60929168666608,117.20381680863304,117.79834193059999,118.39286705256694,118.9873921745339,119.58191729650085,120.1764424184678,120.77096754043475,121.3654926624017,121.96001778436866,122.55454290633561,123.14906802830257,123.74359315026952,124.33811827223647,124.93264339420342,125.52716851617038,126.12169363813733,126.71621876010428,127.31074388207124,127.90526900403819,128.49979412600513,129.09431924797207,129.688844369939,130.28336949190594,130.87789461387288,131.47241973583982,132.06694485780676,132.6614699797737,133.9633357075593,134.55786082952625,135.1523859514932,135.74691107346013,136.34143619542706,136.935961317394,137.53048643936094,138.12501156132788,138.71953668329482,140.02140241108043,140.61592753304737,141.2104526550143,141.80497777698125,142.39950289894819,142.99402802091512,143.58855314288206,144.183078264849,144.77760338681594,145.37212850878288,146.6739942365685,147.26851935853543,148.57038508632104,149.16491020828798,149.75943533025492,150.35396045222186,150.9484855741888,151.54301069615573,152.13753581812267,152.7320609400896,153.32658606205655,153.9211111840235,154.51563630599043,155.11016142795737,155.7046865499243,156.29921167189124,156.89373679385818,157.48826191582512,158.08278703779206,158.677312159759,159.27183728172594,159.86636240369288,160.4608875256598,161.05541264762675,161.6499377695937,162.24446289156063,162.83898801352757,163.4335131354945,164.02803825746145,164.62256337942839,165.21708850139532,165.81161362336226,166.4061387453292,167.00066386729614,167.59518898926308,168.18971411123002,168.78423923319696,169.3787643551639,169.97328947713083,170.56781459909777,171.1623397210647,171.75686484303165,172.3513899649986,172.94591508696553,173.54044020893247,174.1349653308994,174.72949045286634,175.32401557483328,175.91854069680022,176.51306581876716,177.1075909407341,177.70211606270104,178.29664118466798,178.89116630663491,179.48569142860185,180.0802165505688,180.67474167253573,181.26926679450267,181.8637919164696,182.45831703843655,183.0528421604035,183.64736728237042,184.24189240433736,184.8364175263043,185.43094264827124
0.5871857158620035,1.174371431724007,1.7615571475860106,2.348742863448014,2.9359285793100174,3.5231142951720207,4.110300011034024,4.697485726896027,5.284671442758031,5.871857158620034,7.098412883639526,7.685598599501529,8.272784315363532,8.859970031225537,9.44715574708754,10.034341462949545,10.621527178811549,11.208712894673553,11.795898610535557,12.383084326397562,12.970270042259566,13.55745575812157,14.144641473983574,14.731827189845578,15.319012905707583,15.906198621569587,16.49338433743159,17.08057005329359,17.667755769155594,18.254941485017596,18.8421272008796,19.4293129167416,20.016498632603604,20.603684348465606,21.19087006432761,21.77805578018961,22.365241496051613,22.952427211913616,23.539612927775618,24.12679864363762,24.713984359499623,25.301170075361625,25.888355791223628,26.47554150708563,27.062727222947633,27.649912938809635,28.237098654671637,28.82428437053364,29.411470086395642,29.998655802257645,30.585841518119647,31.17302723398165,31.760212949843652,32.347398665705654,32.93458438156766,33.521770097429666,34.10895581329167,34.69614152915368,35.283327245015684,35.87051296087769,36.457698676739696,37.0448843926017,37.63207010846371,38.219255824325714,38.80644154018772,39.393627256049726,39.98081297191173,40.56799868777374,41.155184403635744,41.74237011949775,42.329555835359756,42.91674155122176,43.50392726708377,44.09111298294577,44.67829869880778,45.265484414669785,45.85267013053179,46.4398558463938,47.0270415622558,47.61422727811781,48.201412993979815,48.78859870984182,49.37578442570383,49.96297014156583,50.55015585742784,51.137341573289845,51.72452728915185,52.31171300501386,52.89889872087586,53.48608443673787,54.073270152599875,55.29982587761937,55.887011593481375,57.11356731850087,57.700753034362876,58.28793875022488,58.87512446608689,60.10168019110638,60.68886590696839,61.276051622830394,61.8632373386924,62.450423054554406,63.03760877041641,63.62479448627842,64.21198020214042,64.79916591800243,65.38635163386444,65.97353734972644,66.56072306558845,67.14790878145045,67.73509449731246,68.32228021317447,68.90946592903647,69.49665164489848,70.08383736076048,70.67102307662249,71.2582087924845,71.8453945083465,72.43258022420851,73.659135949228,74.24632166509001,74.83350738095201,75.42069309681402,76.00787881267603,76.59506452853803,77.18225024440004,78.40880596941953,78.99599168528154,79.58317740114354,80.17036311700555,80.75754883286756,81.34473454872956,81.93192026459157,82.51910598045357,83.10629169631558,83.69347741217759,84.28066312803959,84.8678488439016,85.4550345597636,86.04222027562561,86.62940599148762,87.21659170734962,87.80377742321163,88.39096313907363,88.97814885493564,89.56533457079765,90.15252028665965,90.73970600252166,91.32689171838366,91.91407743424567,92.50126315010768,93.08844886596968,93.67563458183169,94.2628202976937,94.8500060135557,95.4371917294177,96.02437744527971,96.61156316114172,97.19874887700372,97.78593459286573,98.37312030872774,98.96030602458974,99.54749174045175,100.13467745631375,100.72186317217576,101.30904888803776,101.89623460389977,102.48342031976178,103.07060603562378,103.65779175148579,104.2449774673478,104.8321631832098,106.0587189082293,106.6459046240913,107.2330903399533,107.82027605581531,108.40746177167732,108.99464748753932,109.58183320340133,110.80838892842083,111.39557464428283,111.98276036014484,112.56994607600684,113.79650180102634,114.38368751688834,114.97087323275035,115.55805894861236,116.78461467363185,117.37180038949386,117.95898610535586,118.54617182121787,119.13335753707987,119.72054325294188,120.30772896880389,120.89491468466589,121.4821004005279,122.0692861163899,122.65647183225191,123.24365754811392,123.83084326397592,124.41802897983793,125.00521469569993,125.59240041156194,126.17958612742395,126.76677184328595,127.35395755914796,127.94114327500996,128.52832899087196,129.11551470673396,129.70270042259597,130.28988613845797,130.87707185431998,131.46425757018199,132.051443286044,132.638629001906,133.225814717768,133.81300043363,134.40018614949201,134.98737186535402,135.57455758121603,136.16174329707803,136.74892901294004,137.33611472880204,137.92330044466405,138.51048616052606,139.09767187638806,139.68485759225007,140.27204330811207,140.85922902397408,141.4464147398361,142.0336004556981,142.6207861715601,143.2079718874221,143.7951576032841,144.38234331914612,144.96952903500812,145.55671475087013,146.14390046673213,146.73108618259414,147.31827189845615,147.90545761431815,148.49264333018016,149.07982904604216,149.66701476190417,150.25420047776618,150.84138619362818,151.4285719094902,152.0157576253522,152.6029433412142,153.1901290570762,153.7773147729382,154.36450048880022,154.95168620466222,155.53887192052423,156.12605763638624,156.71324335224824,157.30042906811025,157.88761478397225,158.47480049983426,159.06198621569627,159.64917193155827,160.23635764742028,160.82354336328228,161.4107290791443,161.9979147950063,162.5851005108683,163.1722862267303,163.7594719425923,164.34665765845432,164.93384337431633,165.52102909017833,166.10821480604034,166.69540052190234,167.28258623776435,167.86977195362635,168.45695766948836,169.04414338535037,169.63132910121237,170.21851481707438,170.80570053293638,171.3928862487984,171.9800719646604,172.5672576805224,173.1544433963844,173.74162911224641,174.32881482810842,174.91600054397043,175.50318625983243,176.09037197569444,176.67755769155644,177.26474340741845,177.85192912328046,178.43911483914246,179.02630055500447,179.61348627086647,180.20067198672848,180.7878577025905,181.3750434184525,181.9622291343145,182.5494148501765
0.5629177581398714,1.1258355162797429,1.6887532744196143,2.2516710325594858,2.814588790699357,3.3775065488392286,3.9404243069791,4.5033420651189715,5.8138243249568,7.124306584794628,7.687224342934499,8.25014210107437,8.813059859214242,9.375977617354113,10.686459877191941,11.249377635331813,11.812295393471684,12.375213151611556,12.938130909751427,13.501048667891299,14.811530927729127,16.122013187566957,16.684930945706828,17.2478487038467,17.81076646198657,18.373684220126442,19.684166479964272,20.247084238104144,20.810001996244015,21.372919754383886,22.683402014221716,23.246319772361588,24.556802032199418,25.11971979033929,25.68263754847916,26.245555306619032,27.55603756645686,28.118955324596733,29.429437584434563,29.992355342574434,30.555273100714306,31.118190858854177,31.68110861699405,32.24402637513392,32.80694413327379,33.36986189141366,33.93277964955354,34.49569740769341,35.05861516583329,35.62153292397316,36.18445068211304,36.74736844025291,37.31028619839279,37.87320395653266,38.43612171467254,38.99903947281241,39.56195723095229,40.12487498909216,40.68779274723204,41.25071050537191,41.81362826351179,42.37654602165166,42.93946377979154,43.50238153793141,44.06529929607129,44.62821705421116,45.19113481235104,45.75405257049091,46.31697032863079,46.87988808677066,47.44280584491054,48.00572360305041,48.56864136119029,49.13155911933016,49.69447687747004,50.25739463560991,50.82031239374979,51.38323015188966,51.94614791002954,52.50906566816941,53.07198342630929,53.63490118444916,54.19781894258904,54.76073670072891,55.32365445886879,55.88657221700866,56.44948997514854,57.01240773328841,57.57532549142829,58.13824324956816,58.70116100770804,59.26407876584791,59.82699652398779,60.38991428212766,60.95283204026754,61.51574979840741,62.07866755654729,62.64158531468716,63.20450307282704,63.76742083096691,64.33033858910679,64.89325634724666,65.45617410538654,66.01909186352641,66.58200962166629,67.14492737980616,67.70784513794604,68.27076289608591,68.83368065422579,69.39659841236566,69.95951617050554,70.52243392864541,71.08535168678529,71.64826944492516,72.21118720306504,72.77410496120491,73.33702271934479,73.89994047748466,74.46285823562454,75.02577599376441,75.58869375190429,76.15161151004416,76.71452926818404,77.27744702632391,77.84036478446379,78.40328254260366,78.96620030074354,79.52911805888341,80.09203581702329,80.65495357516316,81.21787133330304,81.78078909144291,82.34370684958279,82.90662460772266,83.46954236586254,84.03246012400241,84.59537788214229,85.15829564028216,85.72121339842204,86.28413115656191,86.84704891470179,87.40996667284166,87.97288443098154,88.53580218912141,89.09871994726129,89.66163770540116,90.22455546354104,90.78747322168091,91.35039097982079,91.91330873796066,92.47622649610054,93.03914425424041,93.60206201238029,94.16497977052016,94.72789752866004,95.29081528679991,95.85373304493979,96.41665080307966,96.97956856121954,97.54248631935941,98.10540407749929,98.66832183563916,99.23123959377904,99.79415735191891,100.35707511005879,100.91999286819866,101.48291062633854,102.04582838447841,102.60874614261829,103.17166390075816,103.73458165889804,104.29749941703791,104.86041717517779,105.42333493331766,105.98625269145754,106.54917044959741,107.11208820773729,107.67500596587716,108.23792372401704,108.80084148215691,109.36375924029679,109.92667699843666,110.48959475657654,111.05251251471641,111.61543027285629,112.17834803099616,112.74126578913604,113.30418354727591,113.86710130541579,114.43001906355566,114.99293682169554,115.55585457983541,116.11877233797529,116.68169009611516,117.24460785425504,117.80752561239491,118.37044337053479,118.93336112867466,119.49627888681454,120.05919664495441,120.62211440309429,121.18503216123416,121.74794991937404,122.31086767751391,122.87378543565379,123.43670319379366,123.99962095193354,124.56253871007341,125.12545646821329,125.68837422635316,126.25129198449304,126.81420974263291,127.37712750077279,127.94004525891266,128.50296301705254,129.0658807751924,129.62879853333226,130.19171629147212,130.75463404961198,131.31755180775184,131.8804695658917,132.44338732403156,133.00630508217142,133.56922284031128,134.13214059845114,134.695058356591,135.25797611473087,135.82089387287073,136.3838116310106,136.94672938915045,137.5096471472903,138.07256490543017,138.63548266357003,139.1984004217099,139.76131817984975,140.3242359379896,140.88715369612947,141.45007145426933,142.0129892124092,142.57590697054906,143.13882472868892,143.70174248682878,144.26466024496864,144.8275780031085,145.39049576124836,145.95341351938822,146.51633127752808,147.07924903566794,147.6421667938078,148.20508455194766,148.76800231008752,149.33092006822739,149.89383782636725,150.4567555845071,151.01967334264697,151.58259110078683,152.1455088589267,152.70842661706655,153.2713443752064,153.83426213334627,154.39717989148613,154.960097649626,155.52301540776585,156.08593316590571,156.64885092404558,157.21176868218544,157.7746864403253,158.33760419846516,158.90052195660502,159.46343971474488,160.02635747288474,160.5892752310246,161.15219298916446,161.71511074730432,162.27802850544418,162.84094626358404,163.4038640217239,163.96678177986377,164.52969953800363,165.0926172961435,165.65553505428335,166.2184528124232,166.78137057056307,167.34428832870293,167.9072060868428,168.47012384498265,169.0330416031225,169.59595936126237,170.15887711940223,170.7217948775421,171.28471263568196,171.84763039382182,172.41054815196168,172.97346591010154,173.5363836682414,174.09930142638126,174.66221918452112,175.22513694266098,175.78805470080084,176.3509724589407
0.5500418909709008,1.1000837819418017,1.6501256729127025,2.2001675638836033,2.750209454854504,3.300251345825405,3.850293236796306,4.400335127767207,4.9503770187381075,5.500418909709008,6.050460800679909,6.60050269165081,7.527679438474523,8.077721329445424,8.627763220416325,9.177805111387226,9.727847002358127,10.277888893329028,10.827930784299928,11.37797267527083,11.92801456624173,12.478056457212631,13.028098348183532,13.955275095007245,14.505316985978146,15.055358876949047,15.605400767919948,16.15544265889085,17.08261940571456,17.632661296685463,18.182703187656365,18.732745078627268,19.28278696959817,20.209963716421882,20.760005607392785,21.310047498363687,21.86008938933459,22.410131280305492,22.960173171276395,23.510215062247298,24.0602569532182,24.987433700041912,25.537475591012814,26.087517481983717,26.63755937295462,27.187601263925522,27.737643154896425,28.287685045867327,29.21486179269104,29.76490368366194,30.314945574632844,31.242122321456556,31.79216421242746,32.34220610339836,32.892247994369264,33.442289885340166,33.99233177631107,34.54237366728197,35.092415558252874,35.64245744922378,36.19249934019468,36.74254123116558,37.66971797798929,38.219759868960196,38.7698017599311,39.319843650902,39.869885541872904,40.41992743284381,41.34710417966752,41.89714607063842,42.44718796160932,42.997229852580226,43.54727174355113,44.09731363452203,44.647355525492934,45.574532272316645,46.12457416328755,46.67461605425845,47.22465794522935,47.774699836200256,48.32474172717116,48.87478361814206,49.424825509112964,49.974867400083866,50.52490929105477,51.07495118202567,51.624993072996574,52.17503496396748,52.72507685493838,53.27511874590928,53.825160636880184,54.37520252785109,54.92524441882199,55.47528630979289,56.025328200763795,56.5753700917347,57.1254119827056,57.6754538736765,58.225495764647405,58.77553765561831,59.32557954658921,59.87562143756011,60.425663328531016,60.97570521950192,61.52574711047282,62.075789001443724,62.625830892414626,63.17587278338553,63.72591467435643,64.27595656532733,64.82599845629824,65.37604034726914,65.92608223824004,66.47612412921094,67.02616602018185,67.57620791115275,68.12624980212365,68.67629169309456,69.22633358406546,69.77637547503636,70.32641736600726,70.87645925697817,71.42650114794907,71.97654303891997,72.52658492989087,73.07662682086178,73.62666871183268,74.17671060280358,74.72675249377448,75.27679438474539,75.82683627571629,76.37687816668719,76.9269200576581,77.476961948629,78.0270038395999,78.5770457305708,79.1270876215417,79.67712951251261,80.22717140348351,80.77721329445441,81.32725518542532,81.87729707639622,82.42733896736712,82.97738085833802,83.52742274930893,84.07746464027983,84.62750653125073,85.17754842222163,85.72759031319254,86.27763220416344,86.82767409513434,87.37771598610524,87.92775787707615,88.47779976804705,89.02784165901795,89.57788354998885,90.12792544095976,90.67796733193066,91.22800922290156,91.77805111387246,92.32809300484337,92.87813489581427,93.42817678678517,93.97821867775608,94.52826056872698,95.07830245969788,95.62834435066878,96.17838624163969,96.72842813261059,97.27847002358149,97.8285119145524,98.3785538055233,98.9285956964942,99.4786375874651,100.028679478436,100.5787213694069,101.12876326037781,101.67880515134871,102.22884704231961,102.77888893329052,103.32893082426142,103.87897271523232,104.42901460620322,104.97905649717413,105.52909838814503,106.07914027911593,106.62918217008684,107.17922406105774,107.72926595202864,108.27930784299954,108.82934973397045,109.37939162494135,109.92943351591225,110.47947540688315,111.02951729785406,111.57955918882496,112.12960107979586,112.67964297076676,113.22968486173767,113.77972675270857,114.32976864367947,114.87981053465037,115.42985242562128,115.97989431659218,116.52993620756308,117.07997809853399,117.63001998950489,118.18006188047579,118.7301037714467,119.2801456624176,119.8301875533885,120.3802294443594,120.9302713353303,121.4803132263012,122.03035511727211,122.58039700824301,123.13043889921391,123.68048079018482,124.23052268115572,124.78056457212662,125.33060646309752,125.88064835406843,126.43069024503933,126.98073213601023,127.53077402698113,128.08081591795204,128.63085780892294,129.18089969989384,129.73094159086475,130.28098348183565,130.83102537280655,131.38106726377745,131.93110915474836,132.48115104571926,133.03119293669016,133.58123482766106,134.13127671863197,134.68131860960287,135.23136050057377,135.78140239154467,136.33144428251558,136.88148617348648,137.43152806445738,137.98156995542828,138.5316118463992,139.0816537373701,139.631695628341,140.1817375193119,140.7317794102828,141.2818213012537,141.8318631922246,142.3819050831955,142.9319469741664,143.4819888651373,144.0320307561082,144.58207264707912,145.13211453805002,145.68215642902092,146.23219831999182,146.78224021096273,147.33228210193363,147.88232399290453,148.43236588387543,148.98240777484634,149.53244966581724,150.08249155678814,150.63253344775904,151.18257533872995,151.73261722970085,152.28265912067175,152.83270101164265,153.38274290261356,153.93278479358446,154.48282668455536,155.03286857552627,155.58291046649717,156.13295235746807,156.68299424843897,157.23303613940988,157.78307803038078,158.33311992135168,158.88316181232258,159.4332037032935,159.9832455942644,160.5332874852353,161.0833293762062,161.6333712671771,162.183413158148,162.7334550491189,163.2834969400898,163.8335388310607,164.3835807220316,164.9336226130025,165.48366450397342,166.03370639494432,166.58374828591522,167.13379017688612,167.68383206785703,168.23387395882793,168.78391584979883
0.5688922621667436,1.1377845243334872,1.7066767865002308,2.2755690486669744,2.844461310833718,3.413353573000461,3.9822458351672045,4.551138097333948,5.120030359500691,6.332945399457416,6.9018376616241595,7.470729923790903,8.683644963747629,9.252537225914372,9.821429488081115,10.390321750247859,10.959214012414602,11.528106274581345,12.096998536748089,12.665890798914832,13.234783061081576,14.4476981010383,15.016590363205044,16.229505403161767,16.798397665328512,17.367289927495257,17.936182189662002,18.505074451828747,19.073966713995492,19.642858976162238,20.211751238328983,20.780643500495728,21.349535762662473,21.91842802482922,22.487320286995963,23.05621254916271,23.625104811329454,24.1939970734962,24.762889335662944,25.33178159782969,25.900673859996434,27.113588899953157,27.682481162119903,28.895396202076626,29.46428846424337,30.033180726410116,31.246095766366842,31.814988028533588,32.38388029070033,32.952772552867074,33.521664815033816,34.09055707720056,34.6594493393673,35.22834160153404,35.79723386370078,36.366126125867524,36.935018388034266,37.50391065020101,38.07280291236775,38.64169517453449,39.21058743670123,39.77947969886797,40.348371961034715,40.91726422320146,41.4861564853682,42.05504874753494,42.62394100970168,43.19283327186842,44.40574831182515,45.618663351781876,46.18755561394862,46.75644787611536,47.3253401382821,47.89423240044884,48.463124662615584,49.032016924782326,49.60090918694907,50.16980144911581,50.73869371128255,51.30758597344929,52.52050101340602,53.08939327557276,53.6582855377395,54.227177799906244,54.796070062072985,55.36496232423973,55.93385458640647,56.50274684857321,57.07163911073995,57.64053137290669,58.209423635073435,58.77831589724018,59.34720815940692,59.91610042157366,60.4849926837404,61.05388494590714,61.622777208073884,62.191669470240626,62.76056173240737,63.32945399457411,63.89834625674085,64.46723851890759,65.03613078107433,65.60502304324108,66.17391530540782,66.74280756757456,67.3116998297413,67.88059209190804,68.44948435407478,69.01837661624153,69.58726887840827,70.15616114057501,70.72505340274175,71.29394566490849,71.86283792707523,72.43173018924197,73.00062245140872,73.56951471357546,74.1384069757422,74.70729923790894,75.27619150007568,75.84508376224242,76.41397602440917,76.98286828657591,77.55176054874265,78.12065281090939,78.68954507307613,79.25843733524287,79.82732959740962,80.39622185957636,80.9651141217431,81.53400638390984,82.10289864607658,82.67179090824332,83.24068317041007,83.8095754325768,84.37846769474355,84.94735995691029,85.51625221907703,86.08514448124377,86.65403674341051,87.22292900557726,87.791821267744,88.36071352991074,88.92960579207748,89.49849805424422,90.06739031641096,90.6362825785777,91.20517484074445,91.77406710291119,92.34295936507793,92.91185162724467,93.48074388941141,94.04963615157816,94.6185284137449,95.18742067591164,95.75631293807838,96.32520520024512,96.89409746241186,97.4629897245786,98.03188198674535,98.60077424891209,99.16966651107883,99.73855877324557,100.30745103541231,100.87634329757906,101.4452355597458,102.01412782191254,102.58302008407928,103.15191234624602,103.72080460841276,104.2896968705795,104.85858913274625,105.42748139491299,105.99637365707973,106.56526591924647,107.13415818141321,107.70305044357995,108.2719427057467,108.84083496791344,109.40972723008018,109.97861949224692,110.54751175441366,111.1164040165804,111.68529627874715,112.25418854091389,112.82308080308063,113.39197306524737,113.96086532741411,114.52975758958085,115.0986498517476,115.66754211391434,116.23643437608108,116.80532663824782,117.37421890041456,117.9431111625813,118.51200342474804,119.08089568691479,119.64978794908153,120.21868021124827,120.78757247341501,121.35646473558175,121.9253569977485,122.49424925991524,123.06314152208198,123.63203378424872,124.20092604641546,124.7698183085822,125.33871057074894,125.90760283291569,126.47649509508243,127.04538735724917,127.61427961941591,128.18317188158267,128.7520641437494,129.32095640591615,129.8898486680829,130.45874093024963,131.02763319241637,131.59652545458312,132.16541771674986,132.7343099789166,133.30320224108334,133.87209450325008,134.44098676541682,135.00987902758357,135.5787712897503,136.14766355191705,136.7165558140838,137.28544807625053,137.85434033841727,138.42323260058402,138.99212486275076,139.5610171249175,140.12990938708424,140.69880164925098,141.26769391141772,141.83658617358446,142.4054784357512,142.97437069791795,143.5432629600847,144.11215522225143,144.68104748441817,145.24993974658491,145.81883200875166,146.3877242709184,146.95661653308514,147.52550879525188,148.09440105741862,148.66329331958536,149.2321855817521,149.80107784391885,150.3699701060856,150.93886236825233,151.50775463041907,152.0766468925858,152.64553915475256,153.2144314169193,153.78332367908604,154.35221594125278,154.92110820341952,155.49000046558626,156.058892727753,156.62778498991975,157.1966772520865,157.76556951425323,158.33446177641997,158.9033540385867,159.47224630075345,160.0411385629202,160.61003082508694,161.17892308725368,161.74781534942042,162.31670761158716,162.8855998737539,163.45449213592065,164.0233843980874,164.59227666025413,165.16116892242087,165.7300611845876,166.29895344675435,166.8678457089211,167.43673797108784,168.00563023325458,168.57452249542132,169.14341475758806,169.7123070197548,170.28119928192154,170.8500915440883,171.41898380625503,171.98787606842177,172.5567683305885,173.12566059275525,173.694552854922,174.26344511708874,174.83233737925548,175.40122964142222,175.97012190358896,176.5390141657557,177.10790642792244
0.5678214897091962,1.1356429794183924,1.7034644691275886,2.271285958836785,3.121239152656323,3.689060642365519,4.256882132074715,4.824703621783911,5.6746568156034485,6.242478305312645,6.810299795021841,7.378121284731037,7.945942774440233,8.51376426414943,9.081585753858626,9.649407243567822,10.217228733277018,10.785050222986214,11.35287171269541,11.920693202404607,12.488514692113803,13.056336181823,13.624157671532195,14.191979161241392,14.759800650950588,15.327622140659784,15.89544363036898,16.463265120078177,17.031086609787373,17.59890809949657,18.166729589205765,18.73455107891496,19.302372568624158,19.870194058333354,20.43801554804255,21.005837037751746,21.573658527460942,22.14148001717014,23.084481512928807,23.652303002638003,24.595304498396672,25.163125988105868,25.730947477815064,26.29876896752426,26.866590457233457,27.434411946942653,28.00223343665185,28.570054926361045,29.13787641607024,29.705697905779438,30.273519395488634,30.84134088519783,31.409162374907027,31.976983864616223,32.54480535432542,33.112626844034615,33.68044833374381,34.24826982345301,35.19127131921167,35.75909280892087,36.326914298630065,36.89473578833926,37.46255727804846,38.030378767757654,38.59820025746685,39.166021747176046,39.73384323688524,40.30166472659444,40.869486216303635,41.43730770601283,42.00512919572203,42.57295068543122,43.14077217514042,43.708593664849616,44.27641515455881,45.21941665031748,45.78723814002667,46.35505962973587,46.922881119445066,47.49070260915426,48.05852409886346,48.626345588572654,49.19416707828185,49.76198856799105,50.32981005770024,50.89763154740944,51.465453037118635,52.03327452682783,52.60109601653703,53.168917506246224,53.73673899595542,54.30456048566462,54.87238197537381,55.44020346508301,56.008024954792205,56.5758464445014,57.1436679342106,57.711489423919794,58.27931091362899,58.847132403338186,59.41495389304738,59.98277538275658,60.550596872465775,61.11841836217497,61.68623985188417,62.25406134159336,62.82188283130256,63.389704321011756,63.95752581072095,64.52534730043016,65.09316879013934,65.66099027984853,66.22881176955772,66.79663325926691,67.3644547489761,67.93227623868529,68.50009772839448,69.06791921810367,69.63574070781286,70.20356219752205,70.77138368723124,71.33920517694042,71.90702666664961,72.4748481563588,73.04266964606799,73.61049113577718,74.17831262548637,74.74613411519556,75.31395560490475,75.88177709461394,76.8247785903726,77.39260008008179,77.96042156979098,78.52824305950017,79.09606454920936,79.66388603891855,80.23170752862774,80.79952901833693,81.36735050804612,81.9351719977553,82.5029934874645,83.07081497717368,83.63863646688287,84.20645795659206,84.77427944630125,85.34210093601044,85.90992242571963,86.47774391542882,87.045565405138,87.6133868948472,88.18120838455638,88.74902987426557,89.31685136397476,89.88467285368395,90.45249434339314,91.02031583310233,91.58813732281152,92.15595881252071,92.7237803022299,93.29160179193909,93.85942328164828,94.42724477135746,94.99506626106665,95.56288775077584,96.13070924048503,96.69853073019422,97.26635221990341,97.8341737096126,98.77717520537126,99.34499669508045,99.91281818478964,100.48063967449883,101.04846116420802,101.61628265391721,102.1841041436264,102.75192563333559,103.31974712304478,103.88756861275397,104.45539010246316,105.02321159217234,105.59103308188153,106.15885457159072,106.72667606129991,107.2944975510091,107.86231904071829,108.43014053042748,108.99796202013667,109.56578350984586,110.13360499955505,110.70142648926424,111.26924797897343,111.83706946868261,112.4048909583918,112.97271244810099,113.54053393781018,114.10835542751937,114.67617691722856,115.24399840693775,115.81181989664694,116.37964138635613,116.94746287606532,117.5152843657745,118.0831058554837,118.65092734519288,119.21874883490207,119.78657032461126,120.35439181432045,120.92221330402964,121.49003479373883,122.05785628344802,122.62567777315721,123.1934992628664,123.76132075257559,124.32914224228477,124.89696373199396,125.46478522170315,126.03260671141234,126.60042820112153,127.16824969083072,127.73607118053991,128.3038926702491,128.8717141599583,129.43953564966748,130.38253714542614,130.95035863513533,131.51818012484452,132.0860016145537,132.6538231042629,133.2216445939721,133.78946608368128,134.35728757339047,134.92510906309965,135.49293055280884,136.06075204251803,136.62857353222722,137.1963950219364,137.7642165116456,138.3320380013548,138.89985949106398,139.46768098077317,140.03550247048236,140.60332396019155,141.17114544990073,141.73896693960992,142.3067884293191,142.8746099190283,143.4424314087375,144.01025289844668,144.57807438815587,145.14589587786506,145.71371736757425,146.28153885728344,146.84936034699263,147.41718183670181,147.985003326411,148.5528248161202,149.12064630582938,149.68846779553857,150.25628928524776,150.82411077495695,151.39193226466614,151.95975375437533,152.52757524408452,153.0953967337937,153.6632182235029,154.23103971321208,154.79886120292127,155.36668269263046,155.93450418233965,156.50232567204884,157.07014716175803,157.63796865146722,158.2057901411764,158.7736116308856,159.3414331205948,159.90925461030398,160.85225610606264,161.42007759577183,161.98789908548102,162.5557205751902,163.1235420648994,163.69136355460859,164.25918504431777,164.82700653402696,165.39482802373615,165.96264951344534,166.53047100315453,167.09829249286372,167.6661139825729,168.2339354722821,168.8017569619913,169.36957845170048,169.93739994140967,170.50522143111885,171.07304292082804,171.64086441053723,172.20868590024642,172.7765073899556,173.3443288796648,173.912150369374
0.5807068978094807,1.1614137956189614,1.7421206934284421,2.322827591237923,2.9035344890474035,3.4842413868568842,4.0649482846663645,4.645655182475846,5.933440027463783,6.514146925273264,7.094853823082746,7.675560720892227,8.256267618701708,8.836974516511189,9.41768141432067,9.998388312130151,10.579095209939632,11.159802107749114,11.740509005558595,12.321215903368076,12.901922801177557,13.482629698987038,14.06333659679652,15.351121441784457,15.931828339593938,16.51253523740342,17.0932421352129,17.67394903302238,18.254655930831863,19.5424407758198,20.12314767362928,20.70385457143876,21.9916394164267,22.57234631423618,23.153053212045663,23.733760109855144,24.314467007664625,24.895173905474106,26.182958750462042,26.763665648271523,28.05145049325946,29.3392353382474,29.91994223605688,30.50064913386636,31.081356031675842,31.662062929485323,32.2427698272948,32.82347672510428,33.404183622913756,34.691968467901695,35.27267536571117,35.85338226352065,36.43408916133013,37.014796059139606,37.59550295694908,38.17620985475856,38.75691675256804,39.337623650377516,39.918330548186994,40.49903744599647,41.07974434380595,41.66045124161543,42.241158139424904,42.82186503723438,43.40257193504386,43.98327883285334,44.563985730662814,45.14469262847229,45.72539952628177,46.30610642409125,46.886813321900725,47.4675202197102,48.04822711751968,48.62893401532916,49.209640913138635,49.79034781094811,50.37105470875759,50.95176160656707,51.532468504376546,52.11317540218602,52.6938822999955,53.27458919780498,53.855296095614456,54.436002993423934,55.01670989123341,55.59741678904289,56.178123686852366,56.758830584661844,57.33953748247132,57.9202443802808,58.50095127809028,59.081658175899754,59.66236507370923,60.24307197151871,60.82377886932819,61.404485767137665,61.98519266494714,62.56589956275662,63.1466064605661,63.727313358375575,64.30802025618506,64.88872715399454,65.46943405180401,66.05014094961349,66.63084784742297,67.21155474523245,67.79226164304193,68.3729685408514,68.95367543866088,69.53438233647036,70.11508923427984,70.69579613208931,71.27650302989879,71.85720992770827,72.43791682551775,73.01862372332722,73.5993306211367,74.18003751894618,74.76074441675566,75.34145131456513,75.92215821237461,76.50286511018409,77.08357200799357,77.66427890580304,78.24498580361252,78.825692701422,79.40639959923148,79.98710649704095,80.56781339485043,81.14852029265991,81.72922719046939,82.30993408827887,82.89064098608834,83.47134788389782,84.0520547817073,84.63276167951678,85.21346857732625,85.79417547513573,86.37488237294521,86.95558927075469,87.53629616856416,88.11700306637364,88.69770996418312,89.2784168619926,89.85912375980207,90.43983065761155,91.02053755542103,91.6012444532305,92.18195135103998,92.76265824884946,93.34336514665894,93.92407204446842,94.5047789422779,95.08548584008737,95.66619273789685,96.24689963570633,96.8276065335158,97.40831343132528,97.98902032913476,98.56972722694424,99.15043412475372,99.7311410225632,100.31184792037267,100.89255481818215,101.47326171599163,102.0539686138011,102.63467551161058,103.21538240942006,103.79608930722954,104.37679620503901,104.95750310284849,105.53821000065797,106.11891689846745,106.69962379627692,107.2803306940864,107.86103759189588,108.44174448970536,109.02245138751483,109.60315828532431,110.18386518313379,110.76457208094327,111.34527897875275,111.92598587656222,112.5066927743717,113.08739967218118,113.66810656999066,114.24881346780013,115.59059552716293,116.17130242497241,116.75200932278189,117.33271622059137,117.91342311840084,118.49413001621032,119.0748369140198,119.65554381182928,120.23625070963875,120.81695760744823,121.39766450525771,121.97837140306719,122.55907830087666,123.13978519868614,123.72049209649562,124.3011989943051,124.88190589211457,125.46261278992405,126.04331968773353,126.624026585543,127.20473348335248,127.78544038116196,128.36614727897145,128.94685417678093,129.5275610745904,130.1082679723999,130.68897487020936,131.26968176801884,131.85038866582832,132.4310955636378,133.7728776230006,134.35358452081007,134.93429141861955,135.51499831642903,136.0957052142385,136.67641211204798,137.25711900985746,137.83782590766694,138.41853280547642,138.9992397032859,139.57994660109537,140.16065349890485,140.74136039671433,141.3220672945238,141.90277419233328,142.48348109014276,143.06418798795224,143.64489488576172,144.2256017835712,144.80630868138067,145.38701557919015,145.96772247699963,146.5484293748091,147.12913627261858,147.70984317042806,148.29055006823754,148.871256966047,149.4519638638565,150.03267076166597,150.61337765947545,151.19408455728492,151.7747914550944,152.35549835290388,152.93620525071336,153.51691214852283,154.0976190463323,154.6783259441418,155.25903284195127,155.83973973976074,156.42044663757022,157.0011535353797,157.58186043318918,158.16256733099866,158.74327422880813,159.3239811266176,159.9046880244271,160.48539492223657,161.06610182004604,161.64680871785552,162.227515615665,162.80822251347448,163.38892941128395,163.96963630909343,164.5503432069029,165.1310501047124,165.71175700252186,166.29246390033134,166.87317079814082,167.4538776959503,168.03458459375977,168.61529149156925,169.19599838937873,169.7767052871882,170.35741218499768,170.93811908280716,171.51882598061664,172.09953287842612,172.6802397762356,173.26094667404507,173.84165357185455,174.42236046966403,175.0030673674735,175.58377426528298,176.16448116309246,176.74518806090194,177.32589495871142,177.9066018565209,178.48730875433037,179.06801565213985,179.64872254994933,180.2294294477588,180.81013634556828,181.39084324337776
0.5480232596798356,1.0960465193596711,2.2733745458788954,2.821397805558731,3.3694210652385665,3.917444324918402,5.094772351437626,5.642795611117462,6.1908188707972975,6.738842130477133,7.286865390156969,7.834888649836804,9.012216676356028,9.560239936035863,10.108263195715699,10.656286455395534,11.20430971507537,11.752332974755205,12.300356234435041,12.848379494114877,13.396402753794712,13.944426013474548,14.492449273154383,15.669777299673607,16.217800559353442,17.395128585872666,17.9431518455525,18.491175105232337,19.039198364912174,19.58722162459201,20.764549651111235,21.94187767763046,22.489900937310296,23.037924196990133,24.215252223509356,24.76327548318919,25.311298742869027,25.859322002548865,26.407345262228702,26.95536852190854,28.132696548427763,28.680719808107597,29.85804783462682,30.406071094306654,30.95409435398649,31.50211761366633,32.050140873346166,32.598164133026,33.14618739270584,33.69421065238568,34.242233912065515,34.79025717174535,35.33828043142519,35.88630369110503,36.434326950784865,36.9823502104647,37.53037347014454,38.07839672982438,38.626419989504214,39.17444324918405,39.72246650886389,40.270489768543726,40.81851302822356,41.3665362879034,41.91455954758324,42.462582807263075,43.01060606694291,43.55862932662275,44.10665258630259,44.654675845982425,45.20269910566226,45.7507223653421,46.29874562502194,46.846768884701774,47.39479214438161,47.94281540406145,48.490838663741286,49.03886192342112,49.58688518310096,50.1349084427808,50.682931702460635,51.23095496214047,51.77897822182031,52.32700148150015,52.875024741179985,53.42304800085982,53.97107126053966,54.5190945202195,55.067117779899334,55.61514103957917,56.16316429925901,56.711187558938846,57.25921081861868,57.80723407829852,58.35525733797836,58.903280597658195,59.45130385733803,59.99932711701787,60.54735037669771,61.095373636377545,61.64339689605738,62.19142015573722,62.73944341541706,63.287466675096894,63.83548993477673,64.38351319445657,64.9315364541364,65.47955971381624,66.02758297349608,66.57560623317592,67.12362949285576,67.67165275253559,68.21967601221543,68.76769927189527,69.3157225315751,69.86374579125494,70.41176905093478,70.95979231061462,71.50781557029445,72.05583882997429,72.60386208965413,73.15188534933397,73.6999086090138,74.24793186869364,74.79595512837348,75.34397838805332,75.89200164773315,76.44002490741299,76.98804816709283,77.53607142677266,78.0840946864525,78.63211794613234,79.18014120581218,79.72816446549201,80.27618772517185,80.82421098485169,81.37223424453153,81.92025750421136,82.4682807638912,83.01630402357104,83.56432728325088,84.11235054293071,84.66037380261055,85.20839706229039,85.75642032197023,86.30444358165006,86.8524668413299,87.40049010100974,87.94851336068957,88.49653662036941,89.04455988004925,89.59258313972909,90.14060639940892,90.68862965908876,91.2366529187686,91.78467617844844,92.33269943812827,92.88072269780811,93.42874595748795,93.97676921716779,94.52479247684762,95.07281573652746,95.6208389962073,96.16886225588713,96.71688551556697,97.26490877524681,97.81293203492665,98.36095529460648,98.90897855428632,99.45700181396616,100.005025073646,100.55304833332583,101.10107159300567,101.64909485268551,102.19711811236535,102.74514137204518,103.29316463172502,103.84118789140486,104.3892111510847,104.93723441076453,105.48525767044437,106.0332809301242,106.58130418980404,107.12932744948388,107.67735070916372,108.22537396884356,108.7733972285234,109.32142048820323,109.86944374788307,110.4174670075629,110.96549026724274,111.51351352692258,112.06153678660242,112.60956004628225,113.15758330596209,113.70560656564193,114.25362982532177,114.8016530850016,115.34967634468144,115.89769960436128,116.44572286404112,116.99374612372095,117.54176938340079,118.08979264308063,118.63781590276047,119.1858391624403,119.73386242212014,120.28188568179998,120.82990894147981,121.37793220115965,121.92595546083949,122.47397872051933,123.02200198019916,123.570025239879,124.11804849955884,124.66607175923868,125.21409501891851,125.76211827859835,126.31014153827819,126.85816479795803,127.40618805763786,127.9542113173177,128.50223457699752,129.05025783667736,129.5982810963572,130.14630435603704,130.69432761571687,131.2423508753967,131.79037413507655,132.33839739475638,132.88642065443622,133.43444391411606,133.9824671737959,134.53049043347573,135.07851369315557,135.6265369528354,136.17456021251525,136.72258347219508,137.27060673187492,137.81862999155476,138.3666532512346,138.91467651091443,139.46269977059427,140.0107230302741,140.55874628995394,141.10676954963378,141.65479280931362,142.20281606899346,142.7508393286733,143.29886258835313,143.84688584803297,144.3949091077128,144.94293236739264,145.49095562707248,146.03897888675232,146.58700214643216,147.135025406112,147.68304866579183,148.23107192547167,148.7790951851515,149.32711844483134,149.87514170451118,150.42316496419102,150.97118822387085,151.5192114835507,152.06723474323053,152.61525800291037,153.1632812625902,153.71130452227004,154.25932778194988,154.80735104162972,155.35537430130955,155.9033975609894,156.45142082066923,156.99944408034906,157.5474673400289,158.09549059970874,158.64351385938858,159.1915371190684,159.73956037874825,160.2875836384281,160.83560689810793,161.38363015778776,161.9316534174676,162.47967667714744,163.02769993682728,163.5757231965071,164.12374645618695,164.6717697158668,165.21979297554662,165.76781623522646,166.3158394949063,166.86386275458614,167.41188601426597,167.9599092739458,168.50793253362565,169.0559557933055,169.60397905298532,170.15200231266516,170.700025572345
0.5575151824099396,1.1150303648198792,1.6725455472298187,2.2300607296397583,2.787575912049698,3.3450910944596375,3.902606276869577,5.084001192030229,6.265396107190881,6.822911289600821,8.004306204761473,8.561821387171413,9.119336569581353,9.676851751991293,10.234366934401233,10.791882116811173,11.349397299221113,11.906912481631053,12.464427664040993,13.021942846450933,13.579458028860873,14.136973211270814,15.318368126431466,15.875883308841406,16.433398491251346,16.990913673661286,17.548428856071226,18.105944038481166,19.287338953641818,19.844854136051758,20.402369318461698,20.959884500871638,21.517399683281578,22.074914865691518,22.632430048101458,23.189945230511398,23.74746041292134,24.30497559533128,24.86249077774122,25.42000596015116,25.9775211425611,27.15891605772175,27.71643124013169,28.897826155292343,30.079221070452995,30.636736252862935,31.194251435272875,31.751766617682815,32.309281800092755,32.86679698250269,33.42431216491263,33.981827347322564,34.5393425297325,35.09685771214244,36.27825262730309,36.835767809713026,37.39328299212296,37.9507981745329,38.508313356942836,39.06582853935277,39.62334372176271,40.180858904172645,41.3622538193333,41.919769001743234,42.47728418415317,43.03479936656311,43.59231454897304,44.14982973138298,44.707344913792916,45.26486009620285,45.82237527861279,46.379890461022725,46.93740564343266,47.4949208258426,48.052436008252535,48.60995119066247,49.16746637307241,49.724981555482344,50.28249673789228,50.84001192030222,51.397527102712154,51.95504228512209,52.51255746753203,53.07007264994196,53.6275878323519,54.185103014761836,54.74261819717177,55.30013337958171,55.857648561991645,56.41516374440158,56.97267892681152,57.530194109221455,58.08770929163139,58.64522447404133,59.202739656451264,59.7602548388612,60.31777002127114,60.875285203681074,61.43280038609101,61.99031556850095,62.54783075091088,63.10534593332082,63.662861115730756,64.22037629814069,64.77789148055064,65.33540666296058,65.89292184537052,66.45043702778047,67.00795221019041,67.56546739260035,68.1229825750103,68.68049775742024,69.23801293983018,69.79552812224013,70.35304330465007,70.91055848706002,71.46807366946996,72.0255888518799,72.58310403428985,73.14061921669979,73.69813439910973,74.25564958151968,74.81316476392962,75.37067994633956,75.92819512874951,76.48571031115945,77.0432254935694,77.60074067597934,78.15825585838928,78.71577104079923,79.27328622320917,79.83080140561911,80.38831658802906,80.945831770439,81.50334695284894,82.06086213525889,82.61837731766883,83.17589250007877,83.73340768248872,84.29092286489866,84.8484380473086,85.40595322971855,85.96346841212849,86.52098359453844,87.07849877694838,87.63601395935832,88.19352914176827,88.75104432417821,89.30855950658815,89.8660746889981,90.42358987140804,90.98110505381798,91.53862023622793,92.09613541863787,92.65365060104781,93.21116578345776,93.7686809658677,94.32619614827765,94.88371133068759,95.44122651309753,95.99874169550748,96.55625687791742,97.11377206032736,97.67128724273731,98.22880242514725,98.7863176075572,99.34383278996714,99.90134797237708,100.45886315478702,101.01637833719697,101.57389351960691,102.13140870201686,102.6889238844268,103.24643906683674,103.80395424924669,104.36146943165663,104.91898461406657,105.47649979647652,106.03401497888646,106.5915301612964,107.14904534370635,107.70656052611629,108.26407570852624,108.82159089093618,109.37910607334612,109.93662125575607,110.49413643816601,111.05165162057595,111.6091668029859,112.16668198539584,112.72419716780578,113.28171235021573,113.83922753262567,114.39674271503561,114.95425789744556,115.5117730798555,116.06928826226545,116.62680344467539,117.18431862708533,117.74183380949528,118.29934899190522,118.85686417431516,119.4143793567251,119.97189453913505,120.529409721545,121.08692490395494,121.64444008636488,122.20195526877482,122.75947045118477,123.31698563359471,123.87450081600466,124.4320159984146,124.98953118082454,125.54704636323449,126.10456154564443,126.66207672805437,127.21959191046432,127.77710709287426,128.3346222752842,128.89213745769413,129.44965264010406,130.007167822514,130.56468300492392,131.12219818733385,131.67971336974378,132.2372285521537,132.79474373456364,133.35225891697357,133.9097740993835,134.46728928179343,135.02480446420336,135.58231964661329,136.13983482902321,136.69735001143314,137.25486519384307,137.812380376253,138.36989555866293,138.92741074107286,139.4849259234828,140.04244110589272,140.59995628830265,141.15747147071258,141.7149866531225,142.27250183553244,142.83001701794237,143.3875322003523,143.94504738276223,144.50256256517216,145.06007774758208,145.617592929992,146.17510811240194,146.73262329481187,147.2901384772218,147.84765365963173,148.40516884204166,148.9626840244516,149.52019920686152,150.07771438927145,150.63522957168138,151.1927447540913,151.75025993650124,152.30777511891117,152.8652903013211,153.42280548373103,153.98032066614095,154.53783584855088,155.0953510309608,155.65286621337074,156.21038139578067,156.7678965781906,157.32541176060053,157.88292694301046,158.4404421254204,158.99795730783032,159.55547249024025,160.11298767265018,160.6705028550601,161.22801803747004,161.78553321987997,162.3430484022899,162.90056358469982,163.45807876710975,164.01559394951968,164.5731091319296,165.13062431433954,165.68813949674947,166.2456546791594,166.80316986156933,167.36068504397926,167.9182002263892,168.47571540879912,169.03323059120905,169.59074577361898,170.1482609560289,170.70577613843884,171.26329132084877,171.8208065032587,172.37832168566862,172.93583686807855,173.49335205048848
0.5778135566122145,1.155627113224429,1.7334406698366434,2.311254226448858,2.8890677830610723,3.4668813396732867,4.044694896285501,4.622508452897716,5.2003220095099305,5.778135566122145,6.35594912273436,6.933762679346575,7.51157623595879,8.089389792571005,8.66720334918322,9.245016905795435,9.82283046240765,10.400644019019865,10.97845757563208,11.556271132244294,12.13408468885651,12.711898245468724,13.289711802080939,13.867525358693154,14.445338915305369,15.023152471917584,15.600966028529799,16.178779585142014,16.756593141754227,17.33440669836644,17.912220254978653,18.490033811590866,19.06784736820308,19.645660924815292,20.223474481427505,20.80128803803972,21.37910159465193,21.956915151264145,22.534728707876358,23.11254226448857,23.690355821100784,24.268169377712997,24.84598293432521,25.423796490937423,26.001610047549637,26.57942360416185,27.157237160774063,27.735050717386276,28.31286427399849,28.890677830610702,29.468491387222915,30.04630494383513,30.62411850044734,31.201932057059555,31.779745613671768,33.03482472453591,33.61263828114812,34.190451837760335,34.76826539437255,35.34607895098476,35.923892507596975,36.50170606420919,37.75678517507333,38.334598731685546,38.91241228829776,39.49022584490997,40.068039401522185,40.6458529581344,41.22366651474661,41.801480071358824,42.37929362797104,42.95710718458325,43.534920741195464,44.11273429780768,44.69054785441989,45.2683614110321,45.846174967644316,46.42398852425653,47.00180208086874,47.579615637480956,48.15742919409317,48.73524275070538,49.313056307317595,49.89086986392981,51.14594897479395,51.723762531406166,52.30157608801838,52.87938964463059,53.457203201242805,54.03501675785502,54.61283031446723,55.190643871079445,55.76845742769166,56.34627098430387,56.924084540916084,57.5018980975283,58.07971165414051,58.65752521075272,59.23533876736494,59.81315232397715,60.39096588058936,60.968779437201576,61.54659299381379,62.124406550426,62.702220107038215,63.28003366365043,63.85784722026264,64.43566077687485,65.01347433348707,65.59128789009928,66.1691014467115,66.7469150033237,67.32472855993592,67.90254211654813,68.48035567316035,69.05816922977256,69.63598278638477,70.21379634299699,70.7916098996092,71.36942345622141,71.94723701283363,72.52505056944584,73.10286412605805,73.68067768267026,74.25849123928248,74.83630479589469,75.4141183525069,75.99193190911912,76.56974546573133,77.14755902234354,77.72537257895576,78.30318613556797,78.88099969218018,79.4588132487924,80.03662680540461,80.61444036201682,81.19225391862904,81.77006747524125,82.34788103185346,82.92569458846567,83.50350814507789,84.0813217016901,84.65913525830231,85.23694881491453,85.81476237152674,86.39257592813895,86.97038948475117,87.54820304136338,88.12601659797559,88.7038301545878,89.28164371120002,89.85945726781223,91.11453637867638,91.69234993528859,92.2701634919008,92.84797704851302,93.42579060512523,94.00360416173744,94.58141771834966,95.15923127496187,95.73704483157408,96.3148583881863,96.89267194479851,97.47048550141072,98.04829905802293,98.62611261463515,99.20392617124736,99.78173972785957,100.35955328447179,100.937366841084,101.51518039769621,102.09299395430843,102.67080751092064,103.24862106753285,103.82643462414507,104.40424818075728,105.65932729162142,106.23714084823364,106.81495440484585,108.07003351571,108.64784707232221,109.22566062893442,109.80347418554663,110.38128774215885,110.95910129877106,111.53691485538327,112.11472841199549,112.6925419686077,113.27035552521991,113.84816908183213,114.42598263844434,115.00379619505655,115.58160975166876,116.15942330828098,116.73723686489319,117.3150504215054,117.89286397811762,118.47067753472983,119.04849109134204,119.62630464795426,120.20411820456647,121.45919731543061,122.03701087204283,122.61482442865504,123.19263798526725,123.77045154187947,124.34826509849168,124.9260786551039,125.5038922117161,126.08170576832832,126.65951932494053,127.23733288155275,127.81514643816496,128.3929599947772,128.9707735513894,129.54858710800164,130.12640066461387,130.7042142212261,131.28202777783832,131.85984133445055,132.43765489106278,133.015468447675,133.59328200428723,134.17109556089946,134.7489091175117,135.3267226741239,135.90453623073614,136.48234978734837,137.0601633439606,137.63797690057282,138.21579045718505,138.79360401379728,139.3714175704095,139.94923112702173,140.52704468363396,141.1048582402462,141.68267179685841,142.26048535347064,142.83829891008287,143.4161124666951,143.99392602330732,144.57173957991955,145.14955313653178,145.727366693144,146.30518024975623,146.88299380636846,148.1380729172326,148.71588647384482,149.29370003045705,149.87151358706927,150.4493271436815,151.02714070029373,151.60495425690596,152.18276781351818,152.7605813701304,153.33839492674264,153.91620848335486,154.4940220399671,155.07183559657932,155.64964915319155,156.22746270980377,157.4825418206679,158.06035537728013,158.63816893389236,159.2159824905046,159.7937960471168,160.37160960372904,160.94942316034127,161.5272367169535,162.10505027356572,162.68286383017795,163.26067738679018,163.8384909434024,164.41630450001463,164.99411805662686,165.5719316132391,166.82701072410322,167.40482428071545,167.98263783732767,168.5604513939399,169.13826495055213,169.71607850716435,170.29389206377658,170.8717056203888,171.44951917700104,172.02733273361326,172.6051462902255,173.18295984683772,173.76077340344995,174.33858696006217,174.9164005166744,175.49421407328663,176.07202762989886,176.64984118651108,177.2276547431233,177.80546829973554,178.38328185634776,178.96109541296,179.53890896957222,180.11672252618445
0.5918029374796403,1.1836058749592806,1.775408812438921,2.9327028659167755,3.5245058033964156,4.116308740876056,4.708111678355696,5.299914615835336,5.891717553314976,6.483520490794616,7.64081454427247,8.232617481752111,8.824420419231751,9.416223356711392,10.008026294191032,10.599829231670672,11.191632169150312,11.783435106629952,12.375238044109592,12.967040981589232,13.558843919068872,14.716137972546726,15.307940910026366,15.899743847506006,16.491546784985648,17.08334972246529,17.67515265994493,18.266955597424573,19.42424965090243,20.01605258838207,20.607855525861712,21.199658463341354,21.791461400820996,22.94875545429885,23.540558391778493,24.132361329258135,24.724164266737777,25.31596720421742,25.90777014169706,26.499573079176702,27.091376016656344,27.683178954135986,28.274981891615628,28.86678482909527,29.45858776657491,30.050390704054553,30.642193641534195,31.233996579013837,31.82579951649348,32.41760245397312,33.00940539145276,33.6012083289324,34.758502382410256,35.3503053198899,35.94210825736954,36.53391119484918,37.125714132328824,37.717517069808466,38.30932000728811,38.90112294476775,39.49292588224739,40.08472881972703,40.676531757206675,41.26833469468632,41.86013763216596,42.4519405696456,43.04374350712524,44.2010375606031,44.79284049808274,45.38464343556238,46.54193748904024,47.13374042651988,47.72554336399952,48.31734630147916,48.909149238958804,49.500952176438446,50.09275511391809,50.68455805139773,51.27636098887737,52.43365504235523,53.59094909583308,54.182752033312724,54.774554970792366,55.36635790827201,55.95816084575165,56.54996378323129,57.14176672071093,57.733569658190575,58.32537259567022,58.91717553314986,59.5089784706295,60.10078140810914,60.692584345588784,61.284387283068426,61.87619022054807,62.46799315802771,63.05979609550735,63.651599032986994,64.24340197046664,64.83520490794628,65.42700784542592,66.01881078290556,66.6106137203852,67.20241665786484,67.79421959534449,68.38602253282413,68.97782547030377,69.56962840778341,70.16143134526305,70.7532342827427,71.34503722022234,71.93684015770198,72.52864309518162,73.12044603266126,73.7122489701409,74.30405190762055,74.89585484510019,75.48765778257983,76.07946072005947,76.67126365753911,77.26306659501876,77.8548695324984,78.44667246997804,79.03847540745768,79.63027834493732,80.22208128241697,80.81388421989661,81.40568715737625,81.99749009485589,82.58929303233553,83.18109596981517,83.77289890729482,84.36470184477446,84.9565047822541,85.54830771973374,86.14011065721338,86.73191359469303,87.32371653217267,87.91551946965231,88.50732240713195,89.0991253446116,89.69092828209124,90.28273121957088,90.87453415705052,91.46633709453016,92.0581400320098,92.64994296948944,93.24174590696909,93.83354884444873,94.42535178192837,95.01715471940801,95.60895765688765,96.2007605943673,96.79256353184694,97.38436646932658,97.97616940680622,98.56797234428586,99.1597752817655,99.75157821924515,100.34338115672479,100.93518409420443,101.52698703168407,102.11878996916371,102.71059290664336,103.302395844123,103.89419878160264,104.48600171908228,105.07780465656192,105.66960759404157,106.26141053152121,106.85321346900085,107.44501640648049,108.03681934396013,108.62862228143977,109.22042521891942,109.81222815639906,110.4040310938787,110.99583403135834,111.58763696883798,112.17943990631763,112.77124284379727,113.36304578127691,113.95484871875655,114.5466516562362,115.13845459371584,115.73025753119548,116.32206046867512,116.91386340615476,117.5056663436344,118.09746928111404,118.68927221859369,119.28107515607333,119.87287809355297,120.46468103103261,121.05648396851225,121.6482869059919,122.24008984347154,122.83189278095118,123.42369571843082,124.01549865591046,124.6073015933901,125.19910453086975,125.79090746834939,126.38271040582903,126.97451334330867,127.56631628078831,128.15811921826796,128.74992215574758,129.3417250932272,129.93352803070684,130.52533096818647,131.1171339056661,131.70893684314572,132.30073978062535,132.89254271810498,133.4843456555846,134.07614859306423,134.66795153054386,135.2597544680235,135.85155740550312,136.44336034298274,137.03516328046237,137.626966217942,138.21876915542163,138.81057209290125,139.40237503038088,139.9941779678605,140.58598090534014,141.17778384281976,141.7695867802994,142.36138971777902,142.95319265525865,143.54499559273827,144.1367985302179,144.72860146769753,145.32040440517716,145.91220734265679,146.5040102801364,147.09581321761604,147.68761615509567,148.2794190925753,148.87122203005492,149.46302496753455,150.05482790501418,150.6466308424938,151.23843377997343,151.83023671745306,152.4220396549327,153.01384259241232,153.60564552989194,154.19744846737157,154.7892514048512,155.38105434233083,155.97285727981046,156.56466021729008,157.1564631547697,157.74826609224934,158.34006902972897,158.9318719672086,159.52367490468822,160.11547784216785,160.70728077964748,161.2990837171271,161.89088665460673,162.48268959208636,163.074492529566,163.66629546704561,164.25809840452524,164.84990134200487,165.4417042794845,166.03350721696413,166.62531015444375,167.21711309192338,167.808916029403,168.40071896688264,168.99252190436226,169.5843248418419,170.17612777932152,170.76793071680115,171.35973365428077,171.9515365917604,172.54333952924003,173.13514246671966,173.72694540419928,174.3187483416789,174.91055127915854,175.50235421663817,176.0941571541178,176.68596009159742,177.27776302907705,177.86956596655668,178.4613689040363,179.05317184151593,179.64497477899556,180.2367777164752,180.82858065395482,181.42038359143444,182.01218652891407,182.6039894663937,183.19579240387333
0.588827472819752,1.177654945639504,2.5664076907819773,3.1552351636017293,3.7440626364214813,4.332890109241234,4.921717582060985,5.510545054880737,6.099372527700488,6.68820000052024,8.076952745662712,8.665780218482464,9.254607691302215,9.843435164121967,10.432262636941719,11.02109010976147,11.609917582581222,12.198745055400973,12.787572528220725,13.376400001040476,13.965227473860228,14.55405494667998,15.942807691822452,16.531635164642204,17.120462637461955,18.509215382604427,19.09804285542418,19.68687032824393,20.275697801063682,20.864525273883434,21.453352746703185,22.042180219522937,23.43093296466541,24.01976043748516,24.608587910304912,25.197415383124664,25.786242855944415,26.375070328764167,26.96389780158392,28.35265054672639,28.941478019546143,29.530305492365894,30.119132965185646,30.707960438005397,31.29678791082515,31.8856153836449,32.474442856464655,33.06327032928441,33.65209780210416,34.24092527492391,34.82975274774366,35.41858022056341,36.007407693383165,36.596235166202916,37.18506263902267,37.77389011184242,38.36271758466217,38.95154505748192,39.540372530301674,40.129200003121426,40.71802747594118,41.30685494876093,41.89568242158068,42.48450989440043,43.073337367220184,43.662164840039935,44.25099231285969,44.83981978567944,45.42864725849919,46.01747473131894,46.60630220413869,47.195129676958445,47.783957149778196,48.37278462259795,48.9616120954177,49.55043956823745,50.1392670410572,50.728094513876954,51.316921986696705,52.70567473183918,53.29450220465893,53.883329677478685,55.27208242262116,55.86090989544091,56.449737368260664,57.038564841080415,57.62739231390017,58.21621978671992,58.80504725953967,59.39387473235942,59.98270220517917,60.571529677998925,61.160357150818676,61.74918462363843,62.33801209645818,62.92683956927793,63.51566704209768,64.10449451491743,64.69332198773719,65.28214946055695,65.87097693337671,67.25972967851918,68.64848242366165,69.2373098964814,69.82613736930116,70.41496484212092,71.00379231494068,71.59261978776044,72.1814472605802,72.77027473339996,73.35910220621972,73.94792967903948,74.53675715185923,75.125584624679,75.71441209749875,76.30323957031851,76.89206704313827,77.48089451595803,78.06972198877779,78.65854946159754,79.2473769344173,79.83620440723706,80.42503188005682,81.01385935287658,81.60268682569634,82.1915142985161,82.78034177133586,83.36916924415561,83.95799671697537,84.54682418979513,85.13565166261489,85.72447913543465,86.31330660825441,86.90213408107417,87.49096155389392,88.07978902671368,88.66861649953344,89.2574439723532,89.84627144517296,90.43509891799272,91.02392639081248,91.61275386363224,92.201581336452,92.79040880927175,93.37923628209151,93.96806375491127,94.55689122773103,95.14571870055079,95.73454617337055,96.3233736461903,96.91220111901006,97.50102859182982,98.08985606464958,98.67868353746934,99.2675110102891,99.85633848310886,100.44516595592862,101.03399342874837,101.62282090156813,102.21164837438789,102.80047584720765,103.38930332002741,103.97813079284717,104.56695826566693,105.15578573848668,105.74461321130644,106.3334406841262,106.92226815694596,107.51109562976572,108.09992310258548,108.68875057540524,109.277578048225,109.86640552104475,110.45523299386451,111.04406046668427,111.63288793950403,112.22171541232379,112.81054288514355,113.3993703579633,113.98819783078307,114.57702530360282,115.16585277642258,115.75468024924234,116.3435077220621,116.93233519488186,117.52116266770162,118.10999014052138,118.69881761334113,119.2876450861609,119.87647255898065,120.46530003180041,121.05412750462017,121.64295497743993,122.23178245025969,122.82060992307945,123.4094373958992,123.99826486871896,124.58709234153872,125.17591981435848,125.76474728717824,126.353574759998,126.94240223281776,127.53122970563751,128.12005717845727,128.70888465127703,129.2977121240968,129.88653959691655,130.4753670697363,131.06419454255607,131.65302201537583,132.24184948819558,132.83067696101534,133.4195044338351,134.00833190665486,134.59715937947462,135.18598685229438,135.77481432511414,136.3636417979339,136.95246927075365,137.5412967435734,138.13012421639317,138.71895168921293,139.3077791620327,139.89660663485245,140.4854341076722,141.07426158049196,141.66308905331172,142.25191652613148,142.84074399895124,143.429571471771,144.01839894459076,144.60722641741052,145.19605389023027,145.78488136305003,146.3737088358698,146.96253630868955,147.5513637815093,148.14019125432907,148.72901872714883,149.31784619996859,149.90667367278834,150.4955011456081,151.08432861842786,151.67315609124762,152.26198356406738,152.85081103688714,153.4396385097069,154.02846598252665,154.6172934553464,155.20612092816617,155.79494840098593,156.3837758738057,156.97260334662545,157.5614308194452,158.15025829226497,158.73908576508472,159.32791323790448,159.91674071072424,160.505568183544,161.09439565636376,161.68322312918352,162.27205060200328,162.86087807482303,163.4497055476428,164.03853302046255,164.6273604932823,165.21618796610207,165.80501543892183,166.3938429117416,166.98267038456135,167.5714978573811,168.16032533020086,168.74915280302062,169.33798027584038,169.92680774866014,170.5156352214799,171.10446269429966,171.69329016711941,172.28211763993917,172.87094511275893,173.4597725855787,174.04860005839845,174.6374275312182,175.22625500403797,175.81508247685773,176.40390994967748,176.99273742249724,177.581564895317,178.17039236813676,178.75921984095652,179.34804731377628,179.93687478659604,180.5257022594158,181.11452973223555,181.7033572050553,182.29218467787507,182.88101215069483,183.4698396235146,184.05866709633435,184.6474945691541
0.5551960134627905,1.110392026925581,1.6655880403883714,2.220784053851162,2.7759800673139523,3.3311760807767428,3.8863720942395332,4.441568107702324,4.996764121165114,5.551960134627905,6.107156148090695,6.6623521615534855,7.217548175016276,7.7727441884790665,8.327940201941857,8.883136215404647,10.041550371334692,11.199964527264736,11.755160540727527,12.310356554190317,12.865552567653108,13.420748581115898,13.975944594578689,15.134358750508733,15.689554763971524,16.847968919901568,17.40316493336436,18.5615790892944,19.719993245224444,20.878407401154487,21.433603414617277,21.988799428080068,22.543995441542858,23.09919145500565,23.65438746846844,24.81280162439848,25.367997637861272,25.923193651324063,26.478389664786853,27.033585678249644,27.588781691712434,28.747195847642477,29.302391861105267,29.857587874568058,30.412783888030848,30.96797990149364,31.52317591495643,32.078371928419216,32.633567941882006,33.1887639553448,33.74395996880759,34.29915598227038,34.85435199573317,35.40954800919596,35.96474402265875,36.51994003612154,37.678354192051586,38.233550205514376,38.78874621897717,39.34394223243996,39.89913824590275,40.45433425936554,41.00953027282833,41.56472628629112,42.11992229975391,42.6751183132167,43.23031432667949,43.78551034014228,44.34070635360507,44.89590236706786,45.45109838053065,46.00629439399344,46.56149040745623,47.116686420919024,47.671882434381814,48.227078447844605,48.782274461307395,49.337470474770186,49.892666488232976,50.44786250169577,51.00305851515856,51.55825452862135,52.11345054208414,52.66864655554693,53.22384256900972,53.77903858247251,54.3342345959353,54.88943060939809,55.44462662286088,55.99982263632367,56.55501864978646,57.11021466324925,57.66541067671204,58.22060669017483,58.77580270363762,59.330998717100414,59.886194730563204,60.441390744025995,60.996586757488785,61.551782770951576,62.106978784414366,62.66217479787716,63.21737081133995,63.77256682480274,64.32776283826553,64.88295885172832,65.43815486519111,65.9933508786539,66.54854689211669,67.10374290557948,67.65893891904227,68.21413493250506,68.76933094596785,69.32452695943064,69.87972297289343,70.43491898635622,70.99011499981901,71.5453110132818,72.1005070267446,72.65570304020738,73.21089905367018,73.76609506713297,74.32129108059576,74.87648709405855,75.43168310752134,75.98687912098413,76.54207513444692,77.09727114790971,77.6524671613725,78.20766317483529,78.76285918829808,79.31805520176087,79.87325121522366,80.42844722868645,80.98364324214924,81.53883925561203,82.09403526907482,82.64923128253761,83.2044272960004,83.7596233094632,84.31481932292598,84.87001533638878,85.42521134985157,85.98040736331436,86.53560337677715,87.09079939023994,87.64599540370273,88.20119141716552,88.75638743062831,89.3115834440911,89.86677945755389,90.42197547101668,90.97717148447947,91.53236749794226,92.08756351140505,92.64275952486784,93.19795553833063,93.75315155179342,94.30834756525621,94.863543578719,95.4187395921818,95.97393560564458,96.52913161910737,97.08432763257017,97.63952364603296,98.19471965949575,98.74991567295854,99.30511168642133,99.86030769988412,100.41550371334691,100.9706997268097,101.52589574027249,102.08109175373528,102.63628776719807,103.19148378066086,103.74667979412365,104.30187580758644,104.85707182104923,105.41226783451202,105.96746384797481,106.5226598614376,107.0778558749004,107.63305188836318,108.18824790182597,108.74344391528876,109.29863992875156,109.85383594221435,110.40903195567714,110.96422796913993,111.51942398260272,112.07461999606551,112.6298160095283,113.18501202299109,113.74020803645388,114.29540404991667,114.85060006337946,115.40579607684225,115.96099209030504,116.51618810376783,117.07138411723062,117.62658013069341,118.1817761441562,118.736972157619,119.29216817108178,119.84736418454457,120.40256019800736,120.95775621147015,121.51295222493295,122.06814823839574,122.62334425185853,123.17854026532132,123.73373627878411,124.2889322922469,124.84412830570969,125.39932431917248,125.95452033263527,126.50971634609806,127.06491235956085,127.62010837302364,128.17530438648643,128.73050039994922,129.285696413412,129.8408924268748,130.3960884403376,130.95128445380038,131.50648046726317,132.06167648072596,132.61687249418875,133.17206850765155,133.72726452111434,134.28246053457713,134.83765654803992,135.3928525615027,135.9480485749655,136.5032445884283,137.05844060189108,137.61363661535387,138.16883262881666,138.72402864227945,139.27922465574224,139.83442066920503,140.38961668266782,140.9448126961306,141.5000087095934,142.0552047230562,142.61040073651898,143.16559674998177,143.72079276344456,144.27598877690735,144.83118479037014,145.38638080383294,145.94157681729573,146.49677283075852,147.0519688442213,147.6071648576841,148.1623608711469,148.71755688460968,149.27275289807247,149.82794891153526,150.38314492499805,150.93834093846084,151.49353695192363,152.04873296538642,152.6039289788492,153.159124992312,153.7143210057748,154.26951701923758,154.82471303270037,155.37990904616316,155.93510505962595,156.49030107308874,157.04549708655153,157.60069310001433,158.15588911347712,158.7110851269399,159.2662811404027,159.8214771538655,160.37667316732828,160.93186918079107,161.48706519425386,162.04226120771665,162.59745722117944,163.15265323464223,163.70784924810502,164.2630452615678,164.8182412750306,165.3734372884934,165.92863330195618,166.48382931541897,167.03902532888176,167.59422134234455,168.14941735580734,168.70461336927013,169.25980938273293,169.81500539619572,170.3702014096585,170.9253974231213,171.4805934365841,172.03578945004688,172.59098546350967
0.551583474000471,1.103166948000942,1.654750422001413,2.206333896001884,2.757917370002355,3.3095008440028257,4.257599737320831,4.809183211321302,5.360766685321773,5.912350159322243,6.463933633322714,7.015517107323185,7.567100581323656,8.118684055324128,8.6702675293246,9.221851003325071,10.169949896643077,10.721533370643549,11.27311684464402,11.824700318644492,12.376283792644964,12.927867266645436,13.875966159963442,14.427549633963913,14.979133107964385,15.530716581964857,16.082300055965327,16.633883529965797,17.185467003966266,17.737050477966736,18.288633951967206,18.840217425967676,19.391800899968146,19.943384373968616,20.494967847969086,21.046551321969556,21.598134795970026,22.149718269970496,22.701301743970966,23.252885217971436,23.804468691971906,24.356052165972375,24.907635639972845,25.459219113973315,26.010802587973785,26.562386061974255,27.113969535974725,27.665553009975195,28.217136483975665,28.768719957976135,29.320303431976605,30.26840232529461,30.81998579929508,31.37156927329555,31.92315274729602,32.47473622129649,33.02631969529696,33.577903169297436,34.12948664329791,34.68107011729838,35.62916901061639,36.18075248461686,36.732335958617334,37.28391943261781,38.23201832593581,38.783601799936285,39.73170069325429,40.28328416725476,40.83486764125524,41.38645111525571,41.93803458925618,42.48961806325666,43.04120153725713,43.592785011257604,44.14436848525808,44.69595195925855,45.247535433259024,45.7991189072595,46.35070238125997,46.902285855260445,47.45386932926092,48.00545280326139,48.557036277261865,49.50513517057987,50.453234063897874,51.00481753789835,51.55640101189882,52.107984485899294,52.65956795989977,53.21115143390024,53.762734907900715,54.71083380121872,55.26241727521919,55.814000749219666,56.36558422322014,56.91716769722061,57.468751171221086,58.02033464522156,58.57191811922203,59.12350159322251,59.67508506722298,60.226668541223454,60.77825201522393,61.3298354892244,61.881418963224874,62.43300243722535,62.98458591122582,63.536169385226295,64.08775285922677,64.63933633322723,65.1909198072277,65.74250328122817,66.29408675522863,66.8456702292291,67.39725370322957,67.94883717723003,68.5004206512305,69.05200412523097,69.60358759923143,70.1551710732319,70.70675454723236,71.25833802123283,71.8099214952333,72.36150496923376,72.91308844323423,73.4646719172347,74.01625539123516,74.56783886523563,75.1194223392361,75.67100581323656,76.22258928723703,76.7741727612375,77.32575623523796,77.87733970923843,78.4289231832389,78.98050665723936,79.53209013123983,80.08367360524029,80.63525707924076,81.18684055324123,81.73842402724169,82.29000750124216,82.84159097524262,83.39317444924309,83.94475792324356,84.49634139724402,85.04792487124449,85.59950834524496,86.15109181924542,86.70267529324589,87.25425876724636,87.80584224124682,88.35742571524729,88.90900918924775,89.46059266324822,90.01217613724869,90.56375961124915,91.11534308524962,91.66692655925009,92.21851003325055,92.77009350725102,93.32167698125149,93.87326045525195,94.42484392925242,94.97642740325288,95.52801087725335,96.07959435125382,96.63117782525428,97.18276129925475,97.73434477325522,98.28592824725568,98.83751172125615,99.38909519525662,99.94067866925708,100.49226214325755,101.04384561725801,101.59542909125848,102.14701256525895,102.69859603925941,103.25017951325988,103.80176298726035,104.35334646126081,104.90492993526128,105.45651340926175,106.00809688326221,106.55968035726268,107.11126383126314,107.66284730526361,108.21443077926408,108.76601425326454,109.31759772726501,109.86918120126548,110.42076467526594,110.97234814926641,111.52393162326688,112.07551509726734,112.62709857126781,113.17868204526827,113.73026551926874,114.28184899326921,114.83343246726967,115.38501594127014,115.9365994152706,116.48818288927107,117.03976636327154,117.591349837272,118.14293331127247,118.69451678527294,119.2461002592734,119.79768373327387,120.34926720727434,120.9008506812748,121.45243415527527,122.00401762927574,122.5556011032762,123.10718457727667,123.65876805127714,124.2103515252776,124.76193499927807,125.31351847327853,125.865101947279,126.41668542127947,126.96826889527993,127.5198523692804,128.07143584328088,128.62301931728135,129.1746027912818,129.72618626528228,130.27776973928275,130.8293532132832,131.38093668728368,131.93252016128415,132.4841036352846,133.03568710928508,133.58727058328554,134.138854057286,134.69043753128648,135.24202100528694,135.7936044792874,136.34518795328788,136.89677142728834,137.4483549012888,137.99993837528928,138.55152184928974,139.1031053232902,139.65468879729067,140.20627227129114,140.7578557452916,141.30943921929207,141.86102269329254,142.412606167293,142.96418964129347,143.51577311529394,144.0673565892944,144.61894006329487,145.17052353729534,145.7221070112958,146.27369048529627,146.82527395929674,147.3768574332972,147.92844090729767,148.48002438129814,149.0316078552986,149.58319132929907,150.13477480329954,150.6863582773,151.23794175130047,151.78952522530093,152.3411086993014,152.89269217330187,153.44427564730233,153.9958591213028,154.54744259530327,155.09902606930373,155.6506095433042,156.20219301730467,156.75377649130513,157.3053599653056,157.85694343930606,158.40852691330653,158.960110387307,159.51169386130746,160.06327733530793,160.6148608093084,161.16644428330886,161.71802775730933,162.2696112313098,162.82119470531026,163.37277817931073,163.9243616533112,164.47594512731166,165.02752860131213,165.5791120753126,166.13069554931306,166.68227902331353,167.233862497314,167.78544597131446,168.33702944531493,168.8886129193154,169.44019639331586
0.5869769821545086,1.173953964309017,1.7609309464635257,2.347907928618034,2.934884910772543,3.5218618929270518,4.1088388750815605,5.189499624005055,6.270160372928549,7.350821121852043,7.937798104006552,8.52477508616106,9.11175206831557,9.698729050470078,10.285706032624587,11.36636678154808,11.95334376370259,12.540320745857098,13.127297728011607,14.2079584769351,14.79493545908961,15.381912441244118,15.968889423398627,16.555866405553136,17.142843387707643,18.22350413663114,18.810481118785646,19.397458100940153,19.98443508309466,20.571412065249167,21.158389047403674,22.23904979632717,22.826026778481676,23.413003760636183,23.99998074279069,24.586957724945197,25.173934707099704,25.76091168925421,26.347888671408718,26.934865653563225,27.521842635717732,28.10881961787224,28.695796600026746,29.282773582181253,29.86975056433576,30.456727546490267,31.043704528644774,32.124365277568266,32.71134225972278,33.29831924187729,34.37897999080078,34.96595697295529,35.5529339551098,36.13991093726431,36.72688791941882,37.807548668342314,38.394525650496824,38.981502632651335,39.568479614805845,40.155456596960356,40.742433579114866,41.32941056126938,41.91638754342389,42.5033645255784,43.09034150773291,43.67731848988742,44.26429547204193,44.85127245419644,45.43824943635095,46.02522641850546,46.61220340065997,47.19918038281448,47.78615736496899,48.373134347123504,48.960111329278014,49.547088311432525,50.134065293587035,50.721042275741546,51.308019257896056,51.89499624005057,52.48197322220508,53.06895020435959,53.6559271865141,54.24290416866861,54.82988115082312,55.41685813297763,56.00383511513214,56.59081209728665,57.17778907944116,57.76476606159567,58.35174304375018,58.93872002590469,59.525697008059204,60.112673990213715,60.699650972368225,61.286627954522736,61.873604936677246,62.46058191883176,63.04755890098627,63.63453588314078,64.22151286529528,64.80848984744979,65.3954668296043,65.98244381175881,66.56942079391332,67.15639777606783,67.74337475822234,68.33035174037686,68.91732872253137,69.50430570468588,70.09128268684039,70.6782596689949,71.26523665114941,71.85221363330392,72.43919061545843,73.02616759761294,73.61314457976745,74.20012156192196,74.78709854407647,75.37407552623098,75.96105250838549,76.54802949054,77.13500647269451,77.72198345484902,78.30896043700353,78.89593741915805,79.48291440131256,80.06989138346707,80.65686836562158,81.24384534777609,81.8308223299306,82.41779931208511,83.00477629423962,83.59175327639413,84.17873025854864,84.76570724070315,85.35268422285766,85.93966120501217,86.52663818716668,87.11361516932119,87.7005921514757,88.28756913363021,88.87454611578472,89.46152309793924,90.04850008009375,90.63547706224826,91.22245404440277,91.80943102655728,92.39640800871179,92.9833849908663,93.57036197302081,94.15733895517532,94.74431593732983,95.33129291948434,95.91826990163885,96.50524688379336,97.09222386594787,97.67920084810238,98.2661778302569,98.8531548124114,99.44013179456591,100.02710877672042,100.61408575887494,101.20106274102945,101.78803972318396,102.37501670533847,102.96199368749298,103.54897066964749,104.135947651802,104.72292463395651,105.30990161611102,105.89687859826553,106.48385558042004,107.07083256257455,107.65780954472906,108.24478652688357,108.83176350903808,109.4187404911926,110.0057174733471,110.59269445550161,111.17967143765613,111.76664841981064,112.35362540196515,112.94060238411966,113.52757936627417,114.11455634842868,114.70153333058319,115.2885103127377,115.87548729489221,116.46246427704672,117.04944125920123,117.63641824135574,118.22339522351025,118.81037220566476,119.39734918781927,119.98432616997378,120.5713031521283,121.1582801342828,121.74525711643732,122.33223409859183,122.91921108074634,123.50618806290085,124.09316504505536,124.68014202720987,125.26711900936438,125.85409599151889,126.4410729736734,127.02804995582791,127.61502693798242,128.20200392013692,128.78898090229143,129.37595788444594,129.96293486660045,130.54991184875496,131.13688883090947,131.72386581306398,132.3108427952185,132.897819777373,133.4847967595275,134.07177374168202,134.65875072383653,135.24572770599104,135.83270468814555,136.41968167030006,137.00665865245458,137.5936356346091,138.1806126167636,138.7675895989181,139.35456658107262,139.94154356322713,140.52852054538164,141.11549752753615,141.70247450969066,142.28945149184517,142.87642847399968,143.4634054561542,144.0503824383087,144.6373594204632,145.22433640261772,145.81131338477223,146.39829036692674,146.98526734908125,147.57224433123577,148.15922131339028,148.7461982955448,149.3331752776993,149.9201522598538,150.50712924200832,151.09410622416283,151.68108320631734,152.26806018847185,152.85503717062636,153.44201415278087,154.02899113493538,154.6159681170899,155.2029450992444,155.7899220813989,156.37689906355342,156.96387604570793,157.55085302786244,158.13783001001696,158.72480699217147,159.31178397432598,159.8987609564805,160.485737938635,161.0727149207895,161.65969190294402,162.24666888509853,162.83364586725304,163.42062284940755,164.00759983156206,164.59457681371657,165.18155379587108,165.7685307780256,166.3555077601801,166.9424847423346,167.52946172448912,168.11643870664363,168.70341568879815,169.29039267095266,169.87736965310717,170.46434663526168,171.0513236174162,171.6383005995707,172.2252775817252,172.81225456387972,173.39923154603423,173.98620852818874,174.57318551034325,175.16016249249776,175.74713947465227,176.33411645680678,176.9210934389613,177.5080704211158,178.0950474032703,178.68202438542482,179.26900136757934,179.85597834973385,180.44295533188836,181.02993231404287
0.5493492512805163,1.0986985025610325,1.6480477538415488,2.197397005122065,2.7467462564025813,3.2960955076830976,3.845444758963614,4.39479401024413,5.473286708767898,6.022635960048413,6.571985211328929,7.121334462609445,8.199827161133213,8.749176412413728,9.298525663694244,9.84787491497476,10.397224166255276,11.475716864779043,12.025066116059559,13.103558814583327,14.182051513107094,15.260544211630862,15.809893462911377,16.359242714191893,17.43773541271566,17.98708466399618,18.536433915276696,19.085783166557214,19.63513241783773,20.18448166911825,21.262974367642016,21.812323618922534,22.36167287020305,22.91102212148357,23.460371372764087,24.009720624044604,25.08821332256837,25.63756257384889,26.186911825129407,26.736261076409924,27.285610327690442,27.83495957897096,28.384308830251477,28.933658081531995,29.483007332812512,30.03235658409303,31.110849282616797,31.660198533897315,32.20954778517783,32.75889703645835,33.30824628773887,33.857595539019385,34.4069447902999,34.95629404158042,35.50564329286094,36.054992544141456,36.60434179542197,37.15369104670249,37.70304029798301,38.252389549263526,38.801738800544044,39.35108805182456,39.90043730310508,40.4497865543856,40.999135805666114,41.54848505694663,42.09783430822715,42.64718355950767,43.196532810788185,43.7458820620687,44.29523131334922,44.84458056462974,45.393929815910255,45.94327906719077,46.49262831847129,47.04197756975181,47.591326821032325,48.14067607231284,48.69002532359336,49.23937457487388,49.788723826154396,50.33807307743491,50.88742232871543,51.43677157999595,51.986120831276466,52.535470082556984,53.0848193338375,53.63416858511802,54.183517836398536,54.732867087679054,55.28221633895957,55.83156559024009,56.38091484152061,56.930264092801124,57.47961334408164,58.02896259536216,58.57831184664268,59.127661097923195,59.67701034920371,60.22635960048423,60.77570885176475,61.325058103045265,61.87440735432578,62.4237566056063,62.97310585688682,63.522455108167335,64.07180435944785,64.62115361072837,65.17050286200889,65.7198521132894,66.26920136456992,66.81855061585044,67.36789986713096,67.91724911841148,68.466598369692,69.01594762097251,69.56529687225303,70.11464612353355,70.66399537481406,71.21334462609458,71.7626938773751,72.31204312865562,72.86139237993613,73.41074163121665,73.96009088249717,74.50944013377769,75.0587893850582,75.60813863633872,76.15748788761924,76.70683713889976,77.25618639018028,77.80553564146079,78.35488489274131,78.90423414402183,79.45358339530235,80.00293264658286,80.55228189786338,81.1016311491439,81.65098040042442,82.20032965170493,82.74967890298545,83.29902815426597,83.84837740554649,84.397726656827,84.94707590810752,85.49642515938804,86.04577441066856,86.59512366194907,87.14447291322959,87.69382216451011,88.24317141579063,88.79252066707114,89.34186991835166,89.89121916963218,90.4405684209127,90.98991767219322,91.53926692347373,92.08861617475425,92.63796542603477,93.18731467731529,93.7366639285958,94.28601317987632,94.83536243115684,95.38471168243736,95.93406093371787,96.48341018499839,97.03275943627891,97.58210868755943,98.13145793883994,98.68080719012046,99.23015644140098,99.7795056926815,100.32885494396201,100.87820419524253,101.42755344652305,101.97690269780357,102.52625194908408,103.0756012003646,103.62495045164512,104.17429970292564,104.72364895420615,105.27299820548667,105.82234745676719,106.37169670804771,106.92104595932823,107.47039521060874,108.01974446188926,108.56909371316978,109.1184429644503,109.66779221573081,110.21714146701133,110.76649071829185,111.31583996957237,111.86518922085288,112.4145384721334,112.96388772341392,113.51323697469444,114.06258622597495,114.61193547725547,115.16128472853599,115.7106339798165,116.25998323109702,116.80933248237754,117.35868173365806,117.90803098493858,118.4573802362191,119.00672948749961,119.55607873878013,120.10542799006065,120.65477724134116,121.20412649262168,121.7534757439022,122.30282499518272,122.85217424646324,123.40152349774375,123.95087274902427,124.50022200030479,125.0495712515853,125.59892050286582,126.14826975414634,126.69761900542686,127.24696825670738,127.7963175079879,128.3456667592684,128.89501601054891,129.44436526182943,129.99371451310995,130.54306376439047,131.09241301567099,131.6417622669515,132.19111151823202,132.74046076951254,133.28981002079306,133.83915927207357,134.3885085233541,134.9378577746346,135.48720702591513,136.03655627719564,136.58590552847616,137.13525477975668,137.6846040310372,138.2339532823177,138.78330253359823,139.33265178487875,139.88200103615927,140.43135028743978,140.9806995387203,141.53004879000082,142.07939804128134,142.62874729256185,143.17809654384237,143.7274457951229,144.2767950464034,144.82614429768392,145.37549354896444,145.92484280024496,146.47419205152548,147.023541302806,147.5728905540865,148.12223980536703,148.67158905664755,149.22093830792807,149.77028755920858,150.3196368104891,150.86898606176962,151.41833531305014,151.96768456433065,152.51703381561117,153.0663830668917,153.6157323181722,154.16508156945272,154.71443082073324,155.26378007201376,155.81312932329428,156.3624785745748,156.9118278258553,157.46117707713583,158.01052632841635,158.55987557969686,159.10922483097738,159.6585740822579,160.20792333353842,160.75727258481894,161.30662183609945,161.85597108737997,162.4053203386605,162.954669589941,163.50401884122152,164.05336809250204,164.60271734378256,165.15206659506308,165.7014158463436,166.2507650976241,166.80011434890463,167.34946360018515,167.89881285146566,168.44816210274618,168.9975113540267,169.54686060530722,170.09620985658773
0.5972516635405829,1.7462666464187695,2.3435183099593524,2.9407699734999353,3.538021637040518,4.135273300581101,4.7325249641216836,5.329776627662266,5.9270282912028485,6.524279954743431,7.121531618284013,7.718783281824596,8.316034945365178,8.91328660890576,9.510538272446343,10.107789935986926,10.705041599527508,11.30229326306809,11.899544926608673,13.04855990948686,13.645811573027443,14.243063236568025,14.840314900108607,15.43756656364919,16.586581546527377,17.18383321006796,17.781084873608542,18.378336537149124,18.975588200689707,20.124603183567892,20.721854847108474,21.319106510649057,21.91635817418964,22.513609837730222,23.110861501270804,23.708113164811387,24.30536482835197,24.90261649189255,25.499868155433134,26.097119818973717,26.6943714825143,27.29162314605488,27.888874809595464,28.486126473136046,29.08337813667663,29.68062980021721,30.277881463757794,30.875133127298376,31.47238479083896,32.06963645437954,32.666888117920124,33.264139781460706,33.86139144500129,34.45864310854187,35.05589477208245,36.20490975496064,36.80216141850122,37.399413082041804,37.996664745582386,38.59391640912297,39.19116807266355,39.78841973620413,40.385671399744716,40.9829230632853,41.58017472682588,42.17742639036646,42.774678053907046,43.37192971744763,43.96918138098821,44.56643304452879,45.163684708069376,45.76093637160996,46.35818803515054,47.507203018028726,48.10445468156931,48.70170634510989,49.850721327988076,50.44797299152866,51.596987974406844,52.194239637947426,52.79149130148801,53.38874296502859,53.98599462856917,54.583246292109756,55.18049795565034,55.77774961919092,56.3750012827315,56.972252946272086,57.56950460981267,58.16675627335325,58.76400793689383,59.361259600434416,59.958511263975,60.55576292751558,61.15301459105616,61.750266254596745,62.89928123747493,63.49653290101551,64.0937845645561,65.24279954743429,65.84005121097488,66.43730287451547,67.03455453805606,67.63180620159665,68.22905786513724,68.82630952867783,69.42356119221841,70.020812855759,70.6180645192996,71.21531618284018,71.81256784638077,72.40981950992136,73.00707117346195,73.60432283700254,74.20157450054313,74.79882616408372,75.39607782762431,75.9933294911649,76.59058115470549,77.18783281824608,77.78508448178667,78.38233614532726,78.97958780886785,79.57683947240844,80.17409113594903,80.77134279948962,81.3685944630302,81.9658461265708,82.56309779011139,83.16034945365197,83.75760111719256,84.35485278073315,84.95210444427374,85.54935610781433,86.14660777135492,86.74385943489551,87.3411110984361,87.93836276197669,88.53561442551728,89.13286608905787,89.73011775259846,90.32736941613905,90.92462107967964,91.52187274322023,92.11912440676082,92.71637607030141,93.313627733842,93.91087939738259,94.50813106092318,95.10538272446377,95.70263438800436,96.29988605154495,96.89713771508553,97.49438937862612,98.09164104216671,98.6888927057073,99.28614436924789,99.88339603278848,100.48064769632907,101.07789935986966,101.67515102341025,102.27240268695084,102.86965435049143,103.46690601403202,104.06415767757261,104.6614093411132,105.25866100465379,105.85591266819438,106.45316433173497,107.05041599527556,107.64766765881615,108.24491932235674,108.84217098589733,109.43942264943792,110.0366743129785,110.6339259765191,111.23117764005968,111.82842930360027,112.42568096714086,113.02293263068145,113.62018429422204,114.21743595776263,114.81468762130322,115.41193928484381,116.0091909483844,116.60644261192499,117.20369427546558,117.80094593900617,118.39819760254676,118.99544926608735,119.59270092962794,120.18995259316853,120.78720425670912,121.3844559202497,121.9817075837903,122.57895924733089,123.17621091087148,123.77346257441206,124.37071423795265,124.96796590149324,125.56521756503383,126.16246922857442,126.75972089211501,127.3569725556556,127.95422421919619,128.55147588273678,129.14872754627737,129.74597920981796,130.34323087335855,130.94048253689914,131.53773420043973,132.13498586398032,132.7322375275209,133.3294891910615,133.9267408546021,134.52399251814268,135.12124418168327,135.71849584522386,136.31574750876445,136.91299917230504,137.51025083584562,138.10750249938621,138.7047541629268,139.3020058264674,139.89925749000798,140.49650915354857,141.09376081708916,141.69101248062975,142.28826414417034,142.88551580771093,143.48276747125152,144.0800191347921,144.6772707983327,145.2745224618733,145.87177412541388,146.46902578895447,147.06627745249506,147.66352911603565,148.26078077957624,148.85803244311683,149.45528410665742,150.052535770198,150.6497874337386,151.24703909727918,151.84429076081977,152.44154242436036,153.03879408790095,153.63604575144154,154.23329741498213,154.83054907852272,155.4278007420633,156.0250524056039,156.6223040691445,157.21955573268508,157.81680739622567,158.41405905976626,159.01131072330685,159.60856238684744,160.20581405038803,160.80306571392862,161.4003173774692,161.9975690410098,162.5948207045504,163.19207236809098,163.78932403163157,164.38657569517216,164.98382735871274,165.58107902225333,166.17833068579392,166.7755823493345,167.3728340128751,167.9700856764157,168.56733733995628,169.16458900349687,169.76184066703746,170.35909233057805,170.95634399411864,171.55359565765923,172.15084732119982,172.7480989847404,173.345350648281,173.9426023118216,174.53985397536218,175.13710563890277,175.73435730244336,176.33160896598395,176.92886062952454,177.52611229306513,178.12336395660571,178.7206156201463,179.3178672836869,179.91511894722748,180.51237061076807,181.10962227430866,181.70687393784925,182.30412560138984,182.90137726493043,183.49862892847102,184.0958805920116,184.6931322555522
0.5564906915352006,1.7312800699702409,2.2877707615054415,2.844261453040642,3.4007521445758426,3.9572428361110434,4.513733527646244,5.070224219181445,5.626714910716646,6.801504289151686,7.357994980686887,7.914485672222088,8.470976363757288,9.027467055292488,9.58395774682769,10.75874712526273,11.31523781679793,11.871728508333131,12.428219199868332,12.984709891403533,13.541200582938734,14.097691274473934,14.654181966009135,15.210672657544336,15.767163349079537,16.323654040614738,16.880144732149937,17.436635423685136,17.993126115220335,18.549616806755534,19.106107498290733,19.662598189825932,20.21908888136113,20.77557957289633,21.33207026443153,22.50685964286657,23.06335033440177,23.619841025936967,24.176331717472166,24.732822409007365,25.289313100542564,25.845803792077763,26.402294483612962,27.577083862048003,28.133574553583202,28.6900652451184,29.2465559366536,29.8030466281888,30.359537319723998,30.916028011259197,32.09081738969424,32.64730808122944,33.20379877276464,33.760289464299845,34.31678015583505,34.87327084737025,35.42976153890545,35.986252230440655,36.54274292197586,37.09923361351106,37.65572430504626,38.8305136834813,39.3870043750165,39.943495066551705,41.11828444498674,41.674775136521944,42.23126582805715,42.78775651959235,43.34424721112755,43.900737902662755,44.45722859419796,45.01371928573316,45.57020997726836,46.126700668803565,46.68319136033877,47.23968205187397,47.79617274340917,48.352663434944375,48.90915412647958,49.46564481801478,50.02213550954998,50.578626201085186,51.13511689262039,51.69160758415559,52.24809827569079,52.804588967225996,53.3610796587612,53.9175703502964,54.474061041831604,55.030551733366806,55.58704242490201,56.761831803337046,57.93662118177208,58.493111873307285,59.04960256484249,59.60609325637769,60.16258394791289,60.719074639448095,61.2755653309833,61.8320560225185,62.3885467140537,62.945037405588906,63.50152809712411,64.05801878865931,64.61450948019451,65.17100017172972,65.72749086326492,66.28398155480012,66.84047224633532,67.39696293787053,67.95345362940573,68.50994432094093,69.06643501247613,69.62292570401134,70.17941639554654,70.73590708708174,71.29239777861694,71.84888847015215,72.40537916168735,72.96186985322255,73.51836054475775,74.07485123629296,74.63134192782816,75.18783261936336,75.74432331089857,76.30081400243377,76.85730469396897,77.41379538550417,77.97028607703938,78.52677676857458,79.08326746010978,79.63975815164498,80.19624884318019,80.75273953471539,81.30923022625059,81.8657209177858,82.422211609321,82.9787023008562,83.5351929923914,84.0916836839266,84.6481743754618,85.20466506699701,85.76115575853221,86.31764645006741,86.87413714160262,87.43062783313782,87.98711852467302,88.54360921620822,89.10009990774343,89.65659059927863,90.21308129081383,90.76957198234904,91.32606267388424,91.88255336541944,92.43904405695464,92.99553474848985,93.55202544002505,94.10851613156025,94.66500682309545,95.22149751463066,95.77798820616586,96.33447889770106,96.89096958923626,97.44746028077147,98.00395097230667,98.56044166384187,99.11693235537707,99.67342304691228,100.22991373844748,100.78640442998268,101.34289512151788,101.89938581305309,102.45587650458829,103.01236719612349,103.5688578876587,104.1253485791939,104.6818392707291,105.2383299622643,105.7948206537995,106.35131134533471,106.90780203686991,107.46429272840511,108.02078341994032,108.57727411147552,109.13376480301072,109.69025549454592,110.24674618608113,110.80323687761633,111.35972756915153,111.91621826068673,112.47270895222194,113.02919964375714,113.58569033529234,114.14218102682754,114.69867171836275,115.25516240989795,115.81165310143315,116.36814379296835,116.92463448450356,117.48112517603876,118.03761586757396,118.59410655910916,119.15059725064437,119.70708794217957,120.26357863371477,120.82006932524997,121.37656001678518,121.93305070832038,122.48954139985558,123.04603209139079,123.60252278292599,124.15901347446119,124.71550416599639,125.2719948575316,125.8284855490668,126.384976240602,126.9414669321372,127.4979576236724,128.0544483152076,128.6109390067428,129.167429698278,129.7239203898132,130.2804110813484,130.8369017728836,131.3933924644188,131.949883155954,132.50637384748921,133.06286453902442,133.61935523055962,134.17584592209482,134.73233661363003,135.28882730516523,135.84531799670043,136.40180868823563,136.95829937977084,137.51479007130604,138.07128076284124,138.62777145437644,139.18426214591165,139.74075283744685,140.29724352898205,140.85373422051725,141.41022491205246,141.96671560358766,142.52320629512286,143.07969698665806,143.63618767819327,144.19267836972847,144.74916906126367,145.30565975279887,145.86215044433408,146.41864113586928,146.97513182740448,147.53162251893968,148.0881132104749,148.6446039020101,149.2010945935453,149.7575852850805,150.3140759766157,150.8705666681509,151.4270573596861,151.9835480512213,152.5400387427565,153.0965294342917,153.6530201258269,154.20951081736212,154.76600150889732,155.32249220043252,155.87898289196772,156.43547358350293,156.99196427503813,157.54845496657333,158.10494565810853,158.66143634964374,159.21792704117894,159.77441773271414,160.33090842424934,160.88739911578455,161.44388980731975,162.00038049885495,162.55687119039015,163.11336188192536,163.66985257346056,164.22634326499576,164.78283395653096,165.33932464806617,165.89581533960137,166.45230603113657,167.00879672267178,167.56528741420698,168.12177810574218,168.67826879727738,169.23475948881259,169.7912501803478,170.347740871883,170.9042315634182,171.4607222549534,172.0172129464886,172.5737036380238,173.130194329559
0.5683938759884344,1.1367877519768688,1.7051816279653031,2.2735755039537375,2.8419693799421717,3.410363255930606,3.97875713191904,4.547151007907474,5.115544883895908,5.6839387598843425,6.252332635872777,6.820726511861211,7.866006352495396,8.434400228483831,9.002794104472265,9.5711879804607,10.139581856449134,11.184861697083319,11.753255573071753,12.798535413705938,13.366929289694372,14.412209130328558,14.980603006316992,15.548996882305426,16.117390758293862,16.685784634282296,17.25417851027073,18.299458350904914,19.344738191539097,20.39001803217328,20.958411908161715,21.52680578415015,22.095199660138583,22.663593536127017,23.23198741211545,23.800381288103885,24.36877516409232,24.937169040080754,25.505562916069188,26.073956792057622,26.642350668046056,27.21074454403449,27.779138420022925,28.824418260657108,29.86969810129129,30.438091977279726,31.48337181791391,32.05176569390235,32.62015956989078,33.188553445879215,33.75694732186765,34.32534119785608,34.89373507384452,35.46212894983295,36.030522825821386,36.59891670180982,37.167310577798254,37.73570445378669,38.30409832977512,38.87249220576356,39.44088608175199,40.009279957740425,40.57767383372886,41.14606770971729,41.71446158570573,42.28285546169416,42.851249337682596,43.41964321367103,43.988037089659464,44.5564309656479,45.12482484163633,45.69321871762477,46.2616125936132,46.830006469601635,47.39840034559007,47.9667942215785,48.53518809756694,49.10358197355537,49.671975849543806,50.24036972553224,50.808763601520674,51.37715747750911,51.94555135349754,52.51394522948598,53.08233910547441,53.650732981462845,54.21912685745128,54.78752073343971,55.35591460942815,55.92430848541658,56.492702361405016,57.06109623739345,57.629490113381884,58.19788398937032,58.76627786535875,59.33467174134719,59.90306561733562,60.471459493324055,61.03985336931249,61.60824724530092,62.17664112128936,62.74503499727779,63.313428873266226,63.88182274925466,64.4502166252431,65.01861050123154,65.58700437721997,66.1553982532084,66.72379212919684,67.29218600518527,67.8605798811737,68.42897375716214,68.99736763315057,69.56576150913901,70.13415538512744,70.70254926111588,71.27094313710431,71.83933701309275,72.40773088908118,72.97612476506961,73.54451864105805,74.11291251704648,74.68130639303492,75.24970026902335,75.81809414501178,76.38648802100022,76.95488189698865,77.52327577297709,78.09166964896552,78.66006352495396,79.22845740094239,79.79685127693082,80.36524515291926,80.93363902890769,81.50203290489613,82.07042678088456,82.638820656873,83.20721453286143,83.77560840884986,84.3440022848383,84.91239616082673,85.48079003681516,86.0491839128036,86.61757778879203,87.18597166478047,87.7543655407689,88.32275941675734,88.89115329274577,89.4595471687342,90.02794104472264,90.59633492071107,91.1647287966995,91.73312267268794,92.30151654867637,92.86991042466481,93.43830430065324,94.00669817664168,94.57509205263011,95.14348592861855,95.71187980460698,96.28027368059541,96.84866755658385,97.41706143257228,97.98545530856072,98.55384918454915,99.12224306053758,99.69063693652602,100.25903081251445,100.82742468850289,101.39581856449132,101.96421244047976,102.53260631646819,103.10100019245662,103.66939406844506,104.23778794443349,104.80618182042193,105.37457569641036,105.9429695723988,106.51136344838723,107.07975732437566,107.6481512003641,108.21654507635253,108.78493895234097,109.3533328283294,109.92172670431783,110.49012058030627,111.0585144562947,111.62690833228314,112.19530220827157,112.76369608426,113.33208996024844,113.90048383623687,114.46887771222531,115.03727158821374,115.60566546420218,116.17405934019061,116.74245321617904,117.31084709216748,117.87924096815591,118.44763484414435,119.01602872013278,119.58442259612121,120.15281647210965,120.72121034809808,121.28960422408652,121.85799810007495,122.42639197606339,122.99478585205182,123.56317972804025,124.13157360402869,124.69996748001712,125.26836135600556,125.83675523199399,126.40514910798242,126.97354298397086,127.54193685995929,128.11033073594774,128.6787246119362,129.24711848792464,129.8155123639131,130.38390623990153,130.95230011588998,131.52069399187843,132.08908786786688,132.65748174385533,133.22587561984378,133.79426949583222,134.36266337182067,134.93105724780912,135.49945112379757,136.06784499978602,136.63623887577447,137.20463275176292,137.77302662775136,138.3414205037398,138.90981437972826,139.4782082557167,140.04660213170516,140.6149960076936,141.18338988368205,141.7517837596705,142.32017763565895,142.8885715116474,143.45696538763585,144.0253592636243,144.59375313961274,145.1621470156012,145.73054089158964,146.2989347675781,146.86732864356654,147.435722519555,148.00411639554343,148.57251027153188,149.14090414752033,149.70929802350878,150.27769189949723,150.84608577548568,151.41447965147412,151.98287352746257,152.55126740345102,153.11966127943947,153.68805515542792,154.25644903141637,154.82484290740481,155.39323678339326,155.9616306593817,156.53002453537016,157.0984184113586,157.66681228734706,158.2352061633355,158.80360003932395,159.3719939153124,159.94038779130085,160.5087816672893,161.07717554327775,161.6455694192662,162.21396329525464,162.7823571712431,163.35075104723154,163.91914492322,164.48753879920844,165.05593267519689,165.62432655118533,166.19272042717378,166.76111430316223,167.32950817915068,167.89790205513913,168.46629593112758,169.03468980711602,169.60308368310447,170.17147755909292,170.73987143508137,171.30826531106982,171.87665918705827,172.44505306304671,173.01344693903516,173.5818408150236,174.15023469101206,174.7186285670005,175.28702244298896
0.5874600553978584,1.1749201107957168,2.486431962185551,3.0738920175834092,3.6613520729812676,4.972863924371102,5.56032397976896,6.1477840351668185,6.735244090564677,8.046755941954512,8.63421599735237,9.22167605275023,9.809136108148088,10.396596163545947,10.984056218943806,11.571516274341665,12.158976329739524,12.746436385137383,13.333896440535241,13.9213564959331,14.508816551330959,15.096276606728818,15.683736662126677,16.99524851351651,17.58270856891437,18.894220420304205,19.481680475702063,20.069140531099922,20.65660058649778,21.24406064189564,21.8315206972935,22.418980752691358,23.006440808089216,23.593900863487075,24.90541271487691,25.49287277027477,26.804384621664603,27.391844677062462,27.97930473246032,28.56676478785818,29.15422484325604,29.741684898653897,31.053196750043732,31.64065680544159,32.22811686083945,32.815576916237305,33.40303697163516,33.990497027033015,34.57795708243087,35.165417137828726,35.75287719322658,37.06438904461641,37.65184910001427,38.23930915541212,38.82676921080998,39.41422926620783,40.00168932160569,40.589149377003544,41.1766094324014,41.764069487799254,42.35152954319711,42.938989598594965,43.52644965399282,44.113909709390676,44.70136976478853,45.288829820186386,45.87628987558424,46.4637499309821,47.05120998637995,47.63867004177781,48.22613009717566,48.81359015257352,49.40105020797137,49.98851026336923,50.575970318767084,51.887482170156915,52.47494222555477,53.062402280952625,53.64986233635048,54.237322391748336,54.82478244714619,55.412242502544046,55.9997025579419,56.58716261333976,57.17462266873761,57.76208272413547,58.34954277953332,58.93700283493118,59.52446289032903,60.11192294572689,60.699383001124744,61.2868430565226,61.874303111920455,62.46176316731831,63.049223222716165,63.63668327811402,64.22414333351188,64.81160338890973,65.39906344430759,65.98652349970544,66.5739835551033,67.16144361050115,67.74890366589901,68.33636372129686,68.92382377669472,69.51128383209257,70.09874388749043,70.68620394288828,71.27366399828614,71.861124053684,72.44858410908185,73.0360441644797,73.62350421987756,74.21096427527542,74.79842433067327,75.38588438607113,75.97334444146898,76.56080449686684,77.14826455226469,77.73572460766255,78.3231846630604,78.91064471845826,79.49810477385611,80.08556482925397,80.67302488465182,81.26048494004968,81.84794499544753,82.43540505084539,83.02286510624324,83.6103251616411,84.19778521703896,84.78524527243681,85.37270532783467,85.96016538323252,86.54762543863038,87.13508549402823,87.72254554942609,88.31000560482394,88.8974656602218,89.48492571561965,90.07238577101751,90.65984582641536,91.24730588181322,91.83476593721107,92.42222599260893,93.00968604800678,93.59714610340464,94.1846061588025,94.77206621420035,95.3595262695982,95.94698632499606,96.53444638039392,97.12190643579177,97.70936649118963,98.29682654658748,98.88428660198534,99.47174665738319,100.05920671278105,100.6466667681789,101.23412682357676,101.82158687897461,102.40904693437247,102.99650698977032,103.58396704516818,104.17142710056604,104.75888715596389,105.34634721136175,105.9338072667596,106.52126732215746,107.10872737755531,107.69618743295317,108.28364748835102,108.87110754374888,109.45856759914673,110.04602765454459,110.63348770994244,111.2209477653403,111.80840782073815,112.39586787613601,112.98332793153386,113.57078798693172,114.15824804232957,114.74570809772743,115.33316815312529,115.92062820852314,116.508088263921,117.09554831931885,117.6830083747167,118.27046843011456,118.85792848551242,119.44538854091027,120.03284859630813,120.62030865170598,121.20776870710384,121.7952287625017,122.38268881789955,122.9701488732974,123.55760892869526,124.14506898409311,124.73252903949097,125.31998909488883,125.90744915028668,126.49490920568454,127.08236926108239,127.66982931648025,128.2572893718781,128.84474942727596,129.4322094826738,130.01966953807167,130.60712959346952,131.19458964886738,131.78204970426523,132.3695097596631,132.95696981506094,133.5444298704588,134.13188992585665,134.7193499812545,135.30681003665237,135.89427009205022,136.48173014744808,137.06919020284593,137.6566502582438,138.24411031364164,138.8315703690395,139.41903042443735,140.0064904798352,140.59395053523306,141.18141059063092,141.76887064602877,142.35633070142663,142.94379075682448,143.53125081222234,144.1187108676202,144.70617092301805,145.2936309784159,145.88109103381376,146.46855108921162,147.05601114460947,147.64347120000733,148.23093125540518,148.81839131080304,149.4058513662009,149.99331142159875,150.5807714769966,151.16823153239446,151.7556915877923,152.34315164319017,152.93061169858802,153.51807175398588,154.10553180938373,154.6929918647816,155.28045192017944,155.8679119755773,156.45537203097516,157.042832086373,157.63029214177087,158.21775219716872,158.80521225256658,159.39267230796443,159.9801323633623,160.56759241876014,161.155052474158,161.74251252955585,162.3299725849537,162.91743264035156,163.50489269574942,164.09235275114727,164.67981280654513,165.26727286194298,165.85473291734084,166.4421929727387,167.02965302813655,167.6171130835344,168.20457313893226,168.79203319433012,169.37949324972797,169.96695330512583,170.55441336052368,171.14187341592154,171.7293334713194,172.31679352671725,172.9042535821151,173.49171363751296,174.0791736929108,174.66663374830867,175.25409380370652,175.84155385910438,176.42901391450224,177.0164739699001,177.60393402529795,178.1913940806958,178.77885413609366,179.3663141914915,179.95377424688937,180.54123430228722,181.12869435768508,181.71615441308293,182.3036144684808,182.89107452387864,183.4785345792765
0.5874569259072142,1.916280654587683,2.503737580494897,3.091194506402111,3.6786514323093256,4.26610835821654,4.853565284123754,5.441022210030969,6.028479135938183,6.615936061845398,7.203392987752612,7.790849913659827,8.37830683956704,8.965763765474254,9.553220691381467,10.14067761728868,10.728134543195894,12.056958271876363,12.644415197783577,13.973238926464045,14.560695852371259,15.148152778278472,15.735609704185686,16.3230666300929,16.910523556000115,18.239347284680584,18.8268042105878,19.414261136495014,20.00171806240223,20.589174988309445,21.17663191421666,21.764088840123875,22.35154576603109,22.939002691938306,23.52645961784552,24.113916543752737,24.701373469659952,25.288830395567167,25.876287321474383,26.463744247381598,27.051201173288813,27.63865809919603,28.226115025103244,28.81357195101046,29.401028876917675,29.98848580282489,30.575942728732105,31.16339965463932,31.750856580546536,32.33831350645375,32.92577043236096,33.513227358268175,34.10068428417539,34.6881412100826,35.27559813598981,35.86305506189702,36.450511987804234,37.037968913711445,37.62542583961866,38.21288276552587,38.80033969143308,39.38779661734029,39.975253543247504,40.562710469154716,41.15016739506193,41.73762432096914,42.32508124687635,42.91253817278356,43.499995098690775,44.828818827371244,46.15764255605171,46.745099481958924,47.332556407866136,47.92001333377335,48.50747025968056,49.83629398836103,50.42375091426824,51.01120784017545,51.59866476608266,52.186121691989875,52.77357861789709,53.3610355438043,53.94849246971151,54.53594939561872,55.123406321525934,55.710863247433146,56.29832017334036,56.88577709924757,57.47323402515478,58.06069095106199,58.648147876969205,59.235604802876416,59.82306172878363,60.41051865469084,60.99797558059805,61.58543250650526,62.172889432412475,62.76034635831969,63.3478032842269,63.93526021013411,64.52271713604132,65.11017406194854,65.69763098785576,66.28508791376298,66.8725448396702,67.46000176557742,68.78882549425788,69.3762824201651,69.96373934607232,70.55119627197953,71.13865319788675,71.72611012379397,72.31356704970119,72.90102397560841,73.48848090151563,74.07593782742285,75.40476155610332,75.99221848201054,76.57967540791776,77.16713233382498,78.49595606250546,79.08341298841268,79.6708699143199,80.25832684022711,80.84578376613433,81.43324069204155,82.02069761794877,82.60815454385599,83.19561146976321,83.78306839567043,84.37052532157765,84.95798224748486,85.54543917339208,86.1328960992993,86.72035302520652,87.30780995111374,87.89526687702096,88.48272380292818,89.0701807288354,89.65763765474262,90.24509458064983,90.83255150655705,91.42000843246427,92.00746535837149,92.59492228427871,93.18237921018593,93.76983613609315,94.35729306200037,94.94474998790758,95.5322069138148,96.11966383972202,96.70712076562924,97.29457769153646,97.88203461744368,98.4694915433509,99.05694846925812,99.64440539516534,100.23186232107255,100.81931924697977,101.40677617288699,101.99423309879421,102.58169002470143,103.16914695060865,103.75660387651587,104.34406080242309,104.9315177283303,105.51897465423752,106.10643158014474,106.69388850605196,107.28134543195918,107.8688023578664,108.45625928377362,109.04371620968084,109.63117313558806,110.21863006149528,110.8060869874025,111.39354391330971,111.98100083921693,112.56845776512415,113.15591469103137,113.74337161693859,114.33082854284581,114.91828546875303,115.50574239466025,116.09319932056746,116.68065624647468,117.2681131723819,117.85557009828912,118.44302702419634,119.03048395010356,119.61794087601078,120.205397801918,120.79285472782522,121.38031165373243,121.96776857963965,122.55522550554687,123.14268243145409,123.73013935736131,124.31759628326853,124.90505320917575,125.49251013508297,126.07996706099019,126.6674239868974,127.25488091280462,127.84233783871184,128.42979476461906,129.01725169052628,129.6047086164335,130.19216554234072,130.77962246824794,131.36707939415516,131.95453632006237,132.5419932459696,133.1294501718768,133.71690709778403,134.30436402369125,134.89182094959847,135.4792778755057,136.0667348014129,136.65419172732012,137.24164865322734,137.82910557913456,138.41656250504178,139.004019430949,139.59147635685622,140.17893328276344,140.76639020867066,141.35384713457788,141.9413040604851,142.5287609863923,143.11621791229953,143.70367483820675,144.29113176411397,144.8785886900212,145.4660456159284,146.05350254183563,146.64095946774285,147.22841639365006,147.81587331955728,148.4033302454645,148.99078717137172,149.57824409727894,150.16570102318616,150.75315794909338,151.3406148750006,151.92807180090782,152.51552872681503,153.10298565272225,153.69044257862947,154.2778995045367,154.8653564304439,155.45281335635113,156.04027028225835,156.62772720816557,157.21518413407279,157.80264105998,158.39009798588722,158.97755491179444,159.56501183770166,160.15246876360888,160.7399256895161,161.32738261542332,161.91483954133054,162.50229646723776,163.08975339314497,163.6772103190522,164.2646672449594,164.85212417086663,165.43958109677385,166.02703802268107,166.6144949485883,167.2019518744955,167.78940880040273,168.37686572630994,168.96432265221716,169.55177957812438,170.1392365040316,170.72669342993882,171.31415035584604,171.90160728175326,172.48906420766048,173.0765211335677,173.6639780594749,174.25143498538213,174.83889191128935,175.42634883719657,176.0138057631038,176.601262689011,177.18871961491823,177.77617654082545,178.36363346673267,178.95109039263988,179.5385473185471,180.12600424445432,180.71346117036154,181.30091809626876,181.88837502217598,182.4758319480832,183.06328887399042,183.65074579989763
0.5654374778995188,1.1308749557990376,2.279625899978792,3.4283768441585467,3.9938143220580655,4.559251799957584,5.124689277857103,5.690126755756621,6.2555642336561395,6.821001711555658,7.386439189455176,7.951876667354695,8.517314145254213,9.082751623153731,9.64818910105325,10.213626578952768,10.779064056852286,11.344501534751805,11.909939012651323,12.475376490550842,13.624127434730596,14.189564912630114,14.755002390529633,15.320439868429151,16.469190812608907,17.617941756788664,18.76669270096842,19.915443645148176,20.480881123047695,21.046318600947213,21.61175607884673,22.17719355674625,22.74263103464577,23.308068512545287,24.456819456725043,25.02225693462456,25.58769441252408,26.153131890423598,26.718569368323116,27.284006846222635,27.849444324122153,28.41488180202167,28.98031927992119,29.54575675782071,30.111194235720227,30.676631713619745,31.242069191519263,31.807506669418782,32.3729441473183,32.93838162521782,33.503819103117344,34.069256581016866,34.63469405891639,35.20013153681591,35.76556901471543,36.331006492614954,36.896443970514476,38.04519491469423,38.61063239259375,39.17606987049327,39.741507348392794,40.306944826292316,40.87238230419184,41.43781978209136,42.58657072627111,43.152008204170635,43.71744568207016,44.28288315996968,44.8483206378692,45.41375811576872,45.979195593668244,46.544633071567766,47.11007054946729,47.67550802736681,48.24094550526633,48.806382983165854,49.371820461065376,49.9372579389649,50.50269541686442,51.06813289476394,51.63357037266346,52.199007850562985,52.76444532846251,53.32988280636203,53.89532028426155,54.46075776216107,55.026195240060595,55.59163271796012,56.15707019585964,56.72250767375916,57.28794515165868,57.853382629558205,58.41882010745773,58.98425758535725,59.54969506325677,60.11513254115629,60.680570019055814,61.246007496955336,61.81144497485486,62.37688245275438,62.9423199306539,63.507757408553424,64.07319488645294,64.63863236435246,65.20406984225198,65.7695073201515,66.33494479805103,66.90038227595055,67.46581975385007,68.03125723174959,68.59669470964911,69.16213218754864,69.72756966544816,70.29300714334768,70.8584446212472,71.42388209914672,71.98931957704625,72.55475705494577,73.12019453284529,73.68563201074481,74.25106948864433,74.81650696654386,75.38194444444338,75.9473819223429,76.51281940024242,77.07825687814194,77.64369435604146,78.20913183394099,78.77456931184051,79.34000678974003,79.90544426763955,80.47088174553907,81.0363192234386,81.60175670133812,82.16719417923764,82.73263165713716,83.29806913503668,83.8635066129362,84.42894409083573,84.99438156873525,85.55981904663477,86.1252565245343,86.69069400243382,87.25613148033334,87.82156895823286,88.38700643613238,88.9524439140319,89.51788139193143,90.08331886983095,90.64875634773047,91.21419382562999,91.77963130352951,92.34506878142903,92.91050625932856,93.47594373722808,94.0413812151276,94.60681869302712,95.17225617092664,95.73769364882617,96.30313112672569,96.86856860462521,97.43400608252473,97.99944356042425,98.56488103832378,99.1303185162233,99.69575599412282,100.26119347202234,100.82663094992186,101.39206842782139,101.95750590572091,102.52294338362043,103.08838086151995,103.65381833941947,104.219255817319,104.78469329521852,105.35013077311804,105.91556825101756,106.48100572891708,107.0464432068166,107.61188068471613,108.17731816261565,108.74275564051517,109.30819311841469,109.87363059631421,110.43906807421374,111.00450555211326,111.56994303001278,112.1353805079123,112.70081798581182,113.26625546371135,113.83169294161087,114.39713041951039,114.96256789740991,115.52800537530943,116.09344285320896,116.65888033110848,117.224317809008,117.78975528690752,118.35519276480704,118.92063024270657,119.48606772060609,120.05150519850561,120.61694267640513,121.18238015430465,121.74781763220417,122.3132551101037,122.87869258800322,123.44413006590274,124.00956754380226,124.57500502170178,125.1404424996013,125.70587997750083,126.27131745540035,126.83675493329987,127.4021924111994,127.96762988909892,128.53306736699844,129.09850484489795,129.66394232279745,130.22937980069696,130.79481727859647,131.36025475649598,131.92569223439548,132.491129712295,133.0565671901945,133.622004668094,134.18744214599351,134.75287962389302,135.31831710179253,135.88375457969204,136.44919205759155,137.01462953549105,137.58006701339056,138.14550449129007,138.71094196918958,139.27637944708908,139.8418169249886,140.4072544028881,140.9726918807876,141.53812935868712,142.10356683658662,142.66900431448613,143.23444179238564,143.79987927028515,144.36531674818465,144.93075422608416,145.49619170398367,146.06162918188318,146.62706665978268,147.1925041376822,147.7579416155817,148.3233790934812,148.88881657138072,149.45425404928022,150.01969152717973,150.58512900507924,151.15056648297875,151.71600396087825,152.28144143877776,152.84687891667727,153.41231639457678,153.97775387247628,154.5431913503758,155.1086288282753,155.6740663061748,156.23950378407432,156.80494126197382,157.37037873987333,157.93581621777284,158.50125369567235,159.06669117357185,159.63212865147136,160.19756612937087,160.76300360727038,161.32844108516989,161.8938785630694,162.4593160409689,163.0247535188684,163.59019099676792,164.15562847466742,164.72106595256693,165.28650343046644,165.85194090836595,166.41737838626545,166.98281586416496,167.54825334206447,168.11369081996398,168.67912829786349,169.244565775763,169.8100032536625,170.375440731562,170.94087820946152,171.50631568736102,172.07175316526053,172.63719064316004,173.20262812105955,173.76806559895905,174.33350307685856,174.89894055475807,175.46437803265758
0.5811139337694184,1.162227867538837,1.7433418013082553,2.324455735077674,2.9055696688470922,3.4866836026165107,4.067797536385929,4.648911470155348,5.230025403924766,5.8111393376941844,6.392253271463603,6.973367205233021,7.55448113900244,8.135595072771858,8.716709006541276,9.297822940310695,9.878936874080114,10.460050807849534,11.041164741618953,11.622278675388372,12.203392609157792,12.784506542927211,13.36562047669663,13.94673441046605,14.52784834423547,15.108962278004888,15.690076211774308,16.271190145543727,17.502609933685974,18.083723867455394,18.664837801224813,19.245951734994232,19.82706566876365,20.40817960253307,20.98929353630249,21.57040747007191,22.15152140384133,22.73263533761075,23.313749271380168,23.894863205149587,24.475977138919006,25.057091072688426,25.638205006457845,26.219318940227264,26.800432873996684,27.381546807766103,27.962660741535522,28.54377467530494,29.12488860907436,29.70600254284378,30.2871164766132,30.86823041038262,31.954935435450977,32.53604936922039,33.11716330298981,33.698277236759225,34.27939117052864,34.860505104298056,35.44161903806747,36.02273297183689,36.603846905606304,37.18496083937572,37.766074773145135,38.34718870691455,38.92830264068397,39.50941657445338,40.59612159952174,41.17723553329115,42.26394055835951,42.845054492128924,43.42616842589834,44.007282359667755,44.58839629343717,45.16951022720659,45.750624160976,46.33173809474542,46.912852028514834,47.49396596228425,48.075079896053666,48.65619382982308,49.2373077635925,49.81842169736191,50.39953563113133,50.980649564900745,51.56176349867016,52.142877432439576,52.72399136620899,53.30510529997841,53.88621923374782,54.46733316751724,55.048447101286655,55.62956103505607,56.21067496882549,56.7917889025949,57.37290283636432,57.954016770133734,58.53513070390315,59.116244637672565,59.69735857144198,60.2784725052114,60.85958643898081,61.44070037275023,62.021814306519644,62.60292824028906,63.184042174058476,63.76515610782789,64.34627004159731,64.92738397536672,65.50849790913614,66.08961184290555,66.67072577667497,67.25183971044439,67.8329536442138,68.41406757798322,68.99518151175263,69.57629544552205,70.15740937929147,70.73852331306088,71.3196372468303,71.90075118059971,72.48186511436913,73.06297904813854,73.64409298190796,74.22520691567738,74.80632084944679,75.38743478321621,75.96854871698562,77.19996850512787,77.78108243889729,78.3621963726667,78.94331030643612,79.52442424020553,80.10553817397495,80.68665210774437,81.26776604151378,81.8488799752832,83.08029976342544,83.66141369719486,84.24252763096428,84.82364156473369,85.4047554985031,85.98586943227252,86.56698336604194,87.14809729981135,87.72921123358077,88.31032516735019,88.8914391011196,89.47255303488902,90.05366696865843,90.63478090242785,91.21589483619726,91.79700876996668,92.3781227037361,92.95923663750551,93.54035057127493,94.12146450504434,94.70257843881376,95.28369237258318,95.86480630635259,96.445920240122,97.02703417389142,97.60814810766084,98.18926204143025,98.77037597519967,99.35148990896909,99.9326038427385,100.51371777650792,101.09483171027733,101.67594564404675,102.25705957781616,102.83817351158558,103.419287445355,104.00040137912441,104.58151531289383,105.16262924666324,105.74374318043266,106.32485711420208,106.90597104797149,107.4870849817409,108.06819891551032,108.64931284927974,109.23042678304915,109.81154071681857,110.39265465058799,110.9737685843574,111.55488251812682,112.13599645189623,112.71711038566565,113.29822431943506,113.87933825320448,114.4604521869739,115.69187197511614,116.27298590888556,116.85409984265497,117.43521377642439,118.0163277101938,118.59744164396322,119.17855557773264,119.75966951150205,120.34078344527147,120.92189737904089,121.5030113128103,122.08412524657972,122.66523918034913,123.24635311411855,123.82746704788796,124.40858098165738,124.9896949154268,125.57080884919621,126.15192278296563,126.73303671673504,127.31415065050446,127.89526458427387,128.4763785180433,129.05749245181272,129.63860638558214,130.21972031935155,130.80083425312097,131.38194818689038,131.9630621206598,132.54417605442922,133.12528998819863,133.70640392196805,134.28751785573746,134.86863178950688,135.4497457232763,136.0308596570457,136.61197359081513,137.19308752458454,137.77420145835396,138.35531539212337,138.9364293258928,139.5175432596622,140.09865719343162,140.67977112720104,141.26088506097045,141.84199899473987,142.42311292850928,143.0042268622787,143.58534079604811,144.16645472981753,144.74756866358695,145.32868259735636,145.90979653112578,146.4909104648952,147.0720243986646,147.65313833243403,148.23425226620344,148.81536619997286,149.39648013374227,149.9775940675117,150.5587080012811,151.13982193505052,151.72093586881994,152.30204980258935,152.88316373635877,153.46427767012818,154.0453916038976,154.62650553766701,155.20761947143643,155.78873340520585,156.36984733897526,156.95096127274468,158.18238106088694,158.76349499465636,159.34460892842577,159.9257228621952,160.5068367959646,161.08795072973402,161.66906466350343,162.25017859727285,162.83129253104227,163.41240646481168,163.9935203985811,164.5746343323505,165.15574826611993,165.73686219988934,166.31797613365876,166.89909006742818,167.4802040011976,168.061317934967,168.64243186873642,169.22354580250584,169.80465973627525,170.38577367004467,170.9668876038141,172.19830739195635,172.77942132572576,173.36053525949518,173.9416491932646,174.522763127034,175.10387706080343,175.68499099457284,176.9164107827151,177.49752471648452,178.07863865025394,178.65975258402335,179.24086651779277,179.82198045156218,180.4030943853316
0.5537636236669625,1.107527247333925,1.6612908710008876,2.21505449466785,2.7688181183348126,3.322581742001775,3.8763453656687377,4.4301089893357,4.983872613002663,5.537636236669625,6.091399860336588,6.64516348400355,7.198927107670513,7.752690731337475,8.306454355004437,8.8602179786714,9.413981602338364,9.967745226005327,10.52150884967229,11.075272473339254,12.325537598629483,13.575802723919711,14.129566347586675,15.379831472876903,15.933595096543865,16.48735872021083,17.04112234387779,17.594885967544755,18.14864959121172,18.702413214878682,19.256176838545645,20.506441963835872,21.060205587502836,21.6139692111698,22.167732834836762,22.721496458503726,23.971761583793953,24.525525207460916,25.775790332751143,26.329553956418106,26.88331758008507,27.437081203752033,27.990844827418996,29.241109952709223,29.794873576376187,30.34863720004315,30.902400823710114,31.456164447377077,32.706429572667304,33.260193196334264,33.81395682000122,35.06422194529145,35.61798556895841,36.17174919262537,36.72551281629233,37.27927643995929,37.83304006362625,38.38680368729321,38.94056731096017,39.49433093462713,40.04809455829409,40.60185818196105,41.15562180562801,42.405886930918236,42.959650554585195,43.513414178252155,44.067177801919115,44.620941425586075,45.174705049253035,45.728468672919995,46.282232296586955,46.835995920253914,47.389759543920874,47.943523167587834,48.497286791254794,49.051050414921754,49.604814038588714,50.158577662255674,50.71234128592263,51.26610490958959,51.81986853325655,52.37363215692351,52.92739578059047,53.48115940425743,54.03492302792439,54.58868665159135,55.14245027525831,55.69621389892527,56.24997752259223,56.80374114625919,57.35750476992615,57.91126839359311,58.46503201726007,59.01879564092703,59.57255926459399,60.12632288826095,60.68008651192791,61.23385013559487,61.78761375926183,62.34137738292879,62.89514100659575,63.44890463026271,64.00266825392967,64.55643187759664,65.1101955012636,65.66395912493057,66.21772274859754,66.7714863722645,67.32524999593147,67.87901361959844,68.4327772432654,68.98654086693237,69.54030449059934,70.0940681142663,70.64783173793327,71.20159536160024,71.75535898526721,72.30912260893417,72.86288623260114,73.41664985626811,73.97041347993508,74.52417710360204,75.07794072726901,75.63170435093598,76.18546797460294,76.73923159826991,77.29299522193688,77.84675884560384,78.40052246927081,78.95428609293778,79.50804971660475,80.06181334027171,80.61557696393868,81.16934058760565,81.72310421127261,82.27686783493958,82.83063145860655,83.38439508227351,83.93815870594048,84.49192232960745,85.04568595327441,85.59944957694138,86.15321320060835,86.70697682427532,87.26074044794228,87.81450407160925,88.36826769527622,88.92203131894318,89.47579494261015,90.02955856627712,90.58332218994408,91.13708581361105,91.69084943727802,92.24461306094499,92.79837668461195,93.35214030827892,93.90590393194589,94.45966755561285,95.01343117927982,95.56719480294679,96.12095842661375,96.67472205028072,97.22848567394769,97.78224929761465,98.33601292128162,98.88977654494859,99.44354016861556,99.99730379228252,100.55106741594949,101.10483103961646,101.65859466328342,102.21235828695039,102.76612191061736,103.31988553428432,103.87364915795129,104.42741278161826,104.98117640528523,105.53494002895219,106.08870365261916,106.64246727628613,107.1962308999531,107.74999452362006,108.30375814728703,108.857521770954,109.41128539462096,109.96504901828793,110.5188126419549,111.07257626562186,111.62633988928883,112.1801035129558,112.73386713662276,113.28763076028973,113.8413943839567,114.39515800762366,114.94892163129063,115.5026852549576,116.05644887862456,116.61021250229153,117.1639761259585,117.71773974962547,118.27150337329243,118.8252669969594,119.37903062062637,119.93279424429333,120.4865578679603,121.04032149162727,121.59408511529423,122.1478487389612,122.70161236262817,123.25537598629514,123.8091396099621,124.36290323362907,124.91666685729604,125.470430480963,126.02419410462997,126.57795772829694,127.1317213519639,127.68548497563087,128.23924859929784,128.7930122229648,129.34677584663174,129.9005394702987,130.45430309396565,131.0080667176326,131.56183034129955,132.1155939649665,132.66935758863346,133.2231212123004,133.77688483596737,134.33064845963432,134.88441208330127,135.43817570696822,135.99193933063518,136.54570295430213,137.09946657796908,137.65323020163603,138.206993825303,138.76075744896994,139.3145210726369,139.86828469630385,140.4220483199708,140.97581194363775,141.5295755673047,142.08333919097166,142.6371028146386,143.19086643830556,143.74463006197252,144.29839368563947,144.85215730930642,145.40592093297337,145.95968455664033,146.51344818030728,147.06721180397423,147.62097542764118,148.17473905130814,148.7285026749751,149.28226629864204,149.836029922309,150.38979354597595,150.9435571696429,151.49732079330985,152.0510844169768,152.60484804064376,153.1586116643107,153.71237528797766,154.26613891164462,154.81990253531157,155.37366615897852,155.92742978264548,156.48119340631243,157.03495702997938,157.58872065364633,158.1424842773133,158.69624790098024,159.2500115246472,159.80377514831414,160.3575387719811,160.91130239564805,161.465066019315,162.01882964298196,162.5725932666489,163.12635689031586,163.6801205139828,164.23388413764977,164.78764776131672,165.34141138498367,165.89517500865063,166.44893863231758,167.00270225598453,167.55646587965148,168.11022950331844,168.6639931269854,169.21775675065234,169.7715203743193,170.32528399798625,170.8790476216532,171.43281124532015,171.9865748689871,172.54033849265406,173.094102116321
0.5482663460258248,1.0965326920516496,1.6447990380774744,2.193065384103299,2.741331730129124,3.289598076154949,3.8378644221807736,4.386130768206598,4.934397114232423,5.482663460258248,6.030929806284073,6.579196152309898,7.127462498335722,7.675728844361547,8.223995190387372,8.772261536413197,9.320527882439022,9.868794228464846,10.417060574490671,10.965326920516496,11.51359326654232,12.061859612568146,12.61012595859397,13.158392304619795,13.70665865064562,14.865338447535434,15.413604793561259,15.961871139587084,16.51013748561291,17.058403831638735,17.60667017766456,18.154936523690388,18.703202869716215,19.25146921574204,19.799735561767868,20.348001907793694,20.89626825381952,21.444534599845348,21.992800945871174,22.541067291897,23.089333637922827,23.637599983948654,24.18586632997448,24.734132676000307,25.282399022026134,25.83066536805196,26.378931714077787,26.927198060103613,27.47546440612944,28.023730752155267,28.571997098181093,29.12026344420692,29.668529790232746,30.216796136258573,30.7650624822844,31.313328828310226,32.47200862520004,33.02027497122587,33.56854131725169,34.11680766327752,34.665074009303346,35.82375380619316,36.37202015221899,36.92028649824481,37.46855284427064,38.01681919029647,38.56508553632229,39.11335188234812,39.661618228373946,40.20988457439977,40.7581509204256,41.306417266451426,41.85468361247725,42.40294995850308,42.951216304528906,43.49948265055473,44.04774899658056,44.596015342606385,45.14428168863221,45.69254803465804,46.240814380683865,46.78908072670969,47.947760523599506,48.49602686962533,49.04429321565116,49.592559561676985,50.14082590770281,50.68909225372864,51.237358599754465,51.78562494578029,52.33389129180612,52.882157637831945,53.43042398385777,53.9786903298836,54.526956675909425,55.07522302193525,55.62348936796108,56.171755713986904,56.72002206001273,57.26828840603856,57.816554752064384,58.36482109809021,59.523500894980025,60.07176724100585,60.62003358703168,61.168299933057504,61.71656627908333,62.26483262510916,62.813098971134984,63.36136531716081,63.90963166318664,64.45789800921246,65.00616435523828,65.55443070126411,66.10269704728994,66.65096339331576,67.19922973934159,67.74749608536742,68.29576243139324,68.84402877741907,69.3922951234449,70.55097492033471,71.09924126636054,71.64750761238636,72.19577395841219,72.74404030443802,73.29230665046384,73.84057299648967,74.3888393425155,74.93710568854132,75.48537203456715,76.03363838059298,76.5819047266188,77.13017107264463,77.67843741867046,78.22670376469628,78.77497011072211,79.93364990761192,80.48191625363775,81.03018259966358,82.18886239655339,82.73712874257922,83.28539508860504,83.83366143463087,84.3819277806567,84.93019412668252,85.47846047270835,86.02672681873418,86.57499316476,87.12325951078583,88.28193930767564,88.83020565370147,89.3784719997273,89.92673834575312,91.08541814264294,91.63368448866876,92.18195083469459,92.73021718072042,93.27848352674624,93.82674987277207,94.3750162187979,94.92328256482372,95.47154891084955,96.01981525687538,96.5680816029012,97.11634794892703,97.66461429495286,98.21288064097868,98.76114698700451,99.30941333303034,99.85767967905616,100.40594602508199,100.95421237110781,101.50247871713364,102.05074506315947,102.5990114091853,103.14727775521112,103.69554410123695,104.24381044726277,104.7920767932886,105.34034313931443,105.88860948534025,106.43687583136608,106.98514217739191,107.53340852341773,108.08167486944356,108.62994121546939,109.17820756149521,109.72647390752104,110.27474025354687,110.8230065995727,111.37127294559852,111.91953929162435,112.46780563765017,113.016071983676,113.56433832970183,114.11260467572765,114.66087102175348,115.2091373677793,115.75740371380513,116.30567005983096,116.85393640585679,117.40220275188261,117.95046909790844,118.49873544393427,119.04700178996009,119.59526813598592,120.14353448201175,120.69180082803757,121.2400671740634,121.78833352008922,122.33659986611505,122.88486621214088,123.4331325581667,123.98139890419253,124.52966525021836,125.07793159624418,125.62619794227001,126.17446428829584,126.72273063432166,127.27099698034749,127.81926332637332,128.36752967239914,128.91579601842497,129.4640623644508,130.01232871047662,130.56059505650245,131.10886140252828,131.6571277485541,132.20539409457993,132.75366044060576,133.30192678663158,133.8501931326574,134.39845947868324,134.94672582470906,135.4949921707349,136.04325851676072,136.59152486278654,137.13979120881237,137.6880575548382,138.23632390086402,138.78459024688985,139.33285659291568,139.8811229389415,140.42938928496733,140.97765563099316,141.52592197701898,142.0741883230448,142.62245466907063,143.17072101509646,143.7189873611223,144.26725370714811,144.81552005317394,145.36378639919977,145.9120527452256,146.46031909125142,147.00858543727725,147.55685178330307,148.1051181293289,148.65338447535473,149.20165082138055,149.74991716740638,150.2981835134322,150.84644985945803,151.39471620548386,151.9429825515097,152.4912488975355,153.03951524356134,153.58778158958717,154.136047935613,154.68431428163882,155.23258062766465,155.78084697369047,156.3291133197163,156.87737966574213,157.42564601176795,157.97391235779378,158.5221787038196,159.07044504984543,159.61871139587126,160.16697774189709,160.7152440879229,161.26351043394874,161.81177677997456,162.3600431260004,162.90830947202622,163.45657581805204,164.00484216407787,164.5531085101037,165.10137485612952,165.64964120215535,166.19790754818118,166.746173894207,167.29444024023283,167.84270658625866,168.39097293228448,168.9392392783103,169.48750562433614,170.03577197036196,170.5840383163878
0.581982354795149,1.163964709590298,1.7459470643854471,2.327929419180596,2.909911773975745,3.491894128770894,4.073876483566043,4.655858838361191,5.23784119315634,5.819823547951489,6.934466789489163,7.516449144284312,8.098431499079462,8.680413853874612,9.262396208669761,9.844378563464911,10.42636091826006,11.541004159797735,12.122986514592885,12.704968869388034,13.286951224183184,13.868933578978334,14.450915933773484,15.032898288568633,15.614880643363783,16.729523884901457,17.311506239696605,17.893488594491753,18.4754709492869,19.05745330408205,20.172096545619723,20.75407890041487,21.33606125521002,21.918043610005167,22.500025964800315,23.082008319595463,23.66399067439061,24.24597302918576,25.360616270723433,25.94259862551858,26.52458098031373,27.639224221851403,28.22120657664655,28.8031889314417,29.917832172979374,31.032475414517048,31.614457769312196,32.19644012410735,32.7784224789025,33.36040483369765,33.9423871884928,34.52436954328795,35.106351898083105,36.220995139620776,37.33563838115845,37.9176207359536,38.49960309074875,39.0815854455439,39.66356780033905,40.245550155134204,40.827532509929355,41.40951486472451,41.99149721951966,42.57347957431481,43.15546192910996,43.73744428390511,44.319426638700264,44.901408993495416,45.48339134829057,46.06537370308572,46.64735605788087,47.22933841267602,47.81132076747117,48.393303122266325,48.975285477061476,49.55726783185663,50.13925018665178,50.72123254144693,51.30321489624208,51.88519725103723,52.467179605832385,53.049161960627536,53.63114431542269,54.21312667021784,54.79510902501299,55.37709137980814,55.959073734603294,56.541056089398445,57.1230384441936,57.70502079898875,58.2870031537839,58.86898550857905,59.4509678633742,60.032950218169354,60.614932572964506,61.19691492775966,61.77889728255481,62.36087963734996,62.94286199214511,63.52484434694026,64.10682670173541,64.68880905653056,65.2707914113257,65.85277376612085,66.43475612091599,67.01673847571114,67.59872083050628,68.18070318530143,68.76268554009657,69.34466789489171,69.92665024968686,70.508632604482,71.09061495927715,71.67259731407229,72.25457966886744,72.83656202366258,73.41854437845772,74.00052673325287,74.58250908804801,75.16449144284316,75.7464737976383,76.32845615243345,76.91043850722859,77.49242086202374,78.07440321681888,78.65638557161402,79.23836792640917,79.82035028120431,80.40233263599946,80.9843149907946,81.56629734558975,82.14827970038489,82.73026205518003,83.31224440997518,83.89422676477032,84.47620911956547,85.05819147436061,85.64017382915576,86.2221561839509,86.80413853874605,87.38612089354119,87.96810324833633,88.55008560313148,89.13206795792662,89.71405031272177,90.29603266751691,90.87801502231206,91.4599973771072,92.04197973190234,92.62396208669749,93.20594444149263,93.78792679628778,94.36990915108292,94.95189150587807,95.53387386067321,96.11585621546836,96.6978385702635,97.27982092505864,97.86180327985379,98.44378563464893,99.02576798944408,99.60775034423922,100.18973269903437,100.77171505382951,101.35369740862465,101.9356797634198,102.51766211821494,103.09964447301009,103.68162682780523,104.26360918260038,104.84559153739552,105.42757389219067,106.00955624698581,106.59153860178095,107.1735209565761,107.75550331137124,108.33748566616639,108.91946802096153,109.50145037575668,110.08343273055182,110.66541508534696,111.24739744014211,111.82937979493725,112.4113621497324,112.99334450452754,113.57532685932269,114.15730921411783,114.73929156891298,115.32127392370812,115.90325627850326,116.48523863329841,117.06722098809355,117.6492033428887,118.23118569768384,118.81316805247899,119.39515040727413,119.97713276206927,120.55911511686442,121.14109747165956,121.72307982645471,122.30506218124985,122.887044536045,123.46902689084014,124.05100924563529,124.63299160043043,125.21497395522557,125.79695631002072,126.37893866481586,126.960921019611,127.54290337440615,128.1248857292013,128.70686808399645,129.2888504387916,129.87083279358674,130.4528151483819,131.03479750317703,131.61677985797218,132.19876221276732,132.78074456756246,133.3627269223576,133.94470927715275,134.5266916319479,135.10867398674304,135.6906563415382,136.27263869633333,136.85462105112848,137.43660340592362,138.01858576071876,138.6005681155139,139.18255047030905,139.7645328251042,140.34651517989934,140.9284975346945,141.51047988948963,142.09246224428477,142.67444459907992,143.25642695387506,143.8384093086702,144.42039166346535,145.0023740182605,145.58435637305564,146.16633872785079,146.74832108264593,147.33030343744107,147.91228579223622,148.49426814703136,149.0762505018265,149.65823285662165,150.2402152114168,150.82219756621194,151.40417992100708,151.98616227580223,152.56814463059737,153.15012698539252,153.73210934018766,154.3140916949828,154.89607404977795,155.4780564045731,156.06003875936824,156.64202111416338,157.22400346895853,157.80598582375367,158.38796817854882,158.96995053334396,159.5519328881391,160.13391524293425,160.7158975977294,161.29787995252454,161.87986230731968,162.46184466211483,163.04382701690997,163.62580937170512,164.20779172650026,164.7897740812954,165.37175643609055,165.9537387908857,166.53572114568084,167.11770350047598,167.69968585527113,168.28166821006627,168.86365056486142,169.44563291965656,170.0276152744517,170.60959762924685,171.191579984042,171.77356233883714,172.35554469363228,172.93752704842743,173.51950940322257,174.10149175801772,174.68347411281286,175.265456467608,175.84743882240315,176.4294211771983,177.01140353199344,177.59338588678858,178.17536824158373,178.75735059637887,179.33933295117401,179.92131530596916
0.5794001679328507,1.1588003358657013,1.738200503798552,2.3176006717314026,2.897000839664253,3.4764010075971035,4.055801175529954,4.635201343462804,5.214601511395655,5.794001679328505,6.373401847261356,6.952802015194206,7.5322021831270565,8.111602351059908,8.691002518992759,9.27040268692561,9.849802854858462,10.429203022791313,11.008603190724164,11.588003358657016,12.167403526589867,12.746803694522718,13.32620386245557,13.905604030388421,14.485004198321272,15.064404366254124,15.643804534186975,16.223204702119826,16.802604870052676,17.382005037985525,17.961405205918375,18.540805373851224,19.120205541784074,19.699605709716923,20.279005877649773,20.858406045582623,22.16014421165236,22.739544379585208,23.318944547518058,24.620682713587794,25.200082881520643,25.779483049453493,26.358883217386342,26.938283385319192,27.51768355325204,28.09708372118489,28.67648388911774,29.25588405705059,29.83528422498344,31.137022391053176,31.716422558986025,32.29582272691888,32.87522289485173,33.454623062784584,34.03402323071744,34.61342339865029,35.192823566583144,36.49456173265288,37.073961900585736,38.375700066655476,39.677438232725216,40.25683840065807,40.83623856859092,41.415638736523775,41.99503890445663,42.57443907238948,43.153839240322334,43.73323940825519,44.31263957618804,44.89203974412089,46.19377791019063,46.773178078123486,47.35257824605634,47.93197841398919,48.511378581922045,49.0907787498549,49.67017891778775,50.249579085720605,50.82897925365346,51.40837942158631,51.987779589519164,52.56717975745202,53.14657992538487,53.72598009331772,54.305380261250576,54.88478042918343,55.46418059711628,56.043580765049136,56.62298093298199,57.20238110091484,57.781781268847695,58.36118143678055,58.9405816047134,60.24231977078314,60.821719938715994,61.40112010664885,61.9805202745817,62.55992044251455,63.139320610447406,63.71872077838026,64.2981209463131,64.87752111424595,65.4569212821788,66.03632145011164,66.61572161804449,67.19512178597734,67.77452195391018,68.35392212184303,68.93332228977587,69.51272245770872,70.09212262564157,70.67152279357441,71.25092296150726,71.8303231294401,72.40972329737295,72.9891234653058,74.29086163137553,74.87026179930838,75.44966196724123,76.75140013331097,77.33080030124381,77.91020046917666,78.4896006371095,79.06900080504235,79.6484009729752,80.22780114090804,80.80720130884089,81.38660147677373,81.96600164470658,82.54540181263943,83.12480198057227,83.70420214850512,84.28360231643796,84.86300248437081,85.44240265230366,86.0218028202365,86.60120298816935,87.1806031561022,87.76000332403504,88.33940349196789,88.91880365990073,89.49820382783358,90.07760399576642,90.65700416369927,91.23640433163212,91.81580449956496,92.39520466749781,92.97460483543065,93.5540050033635,94.13340517129635,94.71280533922919,95.29220550716204,95.87160567509488,96.45100584302773,97.03040601096058,97.60980617889342,98.18920634682627,98.76860651475911,99.34800668269196,99.9274068506248,100.50680701855765,101.0862071864905,101.66560735442334,102.24500752235619,102.82440769028904,103.40380785822188,103.98320802615473,104.56260819408757,105.14200836202042,105.72140852995327,106.30080869788611,106.88020886581896,107.4596090337518,108.03900920168465,108.6184093696175,109.19780953755034,109.77720970548319,110.35660987341603,110.93601004134888,111.51541020928173,112.09481037721457,112.67421054514742,113.25361071308026,113.83301088101311,114.41241104894596,114.9918112168788,115.57121138481165,116.1506115527445,116.73001172067734,117.30941188861019,117.88881205654303,118.46821222447588,119.04761239240872,119.62701256034157,120.20641272827442,120.78581289620726,121.36521306414011,121.94461323207295,122.5240134000058,123.10341356793865,123.68281373587149,124.26221390380434,124.84161407173718,125.42101423967003,126.00041440760288,126.57981457553572,127.15921474346857,127.73861491140141,128.31801507933426,128.8974152472671,129.47681541519995,130.0562155831328,130.63561575106564,131.2150159189985,131.79441608693134,132.37381625486418,132.95321642279703,133.53261659072987,134.11201675866272,134.69141692659556,135.2708170945284,135.85021726246126,136.4296174303941,137.00901759832695,137.5884177662598,138.16781793419264,138.7472181021255,139.32661827005833,139.90601843799118,140.48541860592402,141.06481877385687,141.64421894178972,142.22361910972256,142.8030192776554,143.38241944558825,143.9618196135211,144.54121978145395,145.1206199493868,145.70002011731964,146.27942028525248,146.85882045318533,147.43822062111818,148.01762078905102,148.59702095698387,149.17642112491671,149.75582129284956,150.3352214607824,150.91462162871525,151.4940217966481,152.07342196458094,152.6528221325138,153.23222230044664,153.81162246837948,154.39102263631233,154.97042280424517,155.54982297217802,156.12922314011087,156.7086233080437,157.28802347597656,157.8674236439094,158.44682381184225,159.0262239797751,159.60562414770794,160.1850243156408,160.76442448357363,161.34382465150648,161.92322481943933,162.50262498737217,163.08202515530502,163.66142532323786,164.2408254911707,164.82022565910356,165.3996258270364,165.97902599496925,166.5584261629021,167.13782633083494,167.7172264987678,168.29662666670063,168.87602683463348,169.45542700256632,170.03482717049917,170.61422733843202,171.19362750636486,171.7730276742977,172.35242784223055,172.9318280101634,173.51122817809625,174.0906283460291,174.67002851396194,175.24942868189478,175.82882884982763,176.40822901776048,176.98762918569332,177.56702935362617,178.146429521559,178.72582968949186,179.3052298574247,179.88463002535755,180.4640301932904,181.04343036122324
0.5762395787275978,1.1524791574551956,1.7287187361827934,2.304958314910391,3.603613679961393,4.179853258688991,4.756092837416588,5.332332416144186,5.908571994871783,6.484811573599381,7.783466938650383,8.359706517377981,8.93594609610558,9.512185674833178,10.810841039884181,11.38708061861178,11.963320197339378,12.539559776066977,13.115799354794575,13.692038933522173,14.268278512249772,15.566933877300773,16.865589242351774,17.441828821079373,18.01806839980697,18.59430797853457,19.170547557262168,19.746787135989766,20.323026714717365,20.899266293444963,21.475505872172562,22.05174545090016,23.35040081595116,23.92664039467876,24.50287997340636,25.079119552133957,25.655359130861555,26.954014495912556,27.530254074640155,28.828909439691156,29.405149018418754,29.981388597146353,30.55762817587395,31.856283540924952,33.15493890597595,33.73117848470355,34.30741806343114,34.88365764215874,35.45989722088633,36.03613679961393,36.61237637834152,37.18861595706912,37.76485553579671,38.34109511452431,38.9173346932519,39.4935742719795,40.06981385070709,40.64605342943469,41.22229300816228,41.79853258688988,42.37477216561747,42.95101174434507,43.52725132307266,44.10349090180026,44.67973048052785,45.255970059255446,45.83220963798304,46.408449216710636,46.98468879543823,47.560928374165826,48.13716795289342,48.713407531621016,49.28964711034861,49.865886689076206,50.4421262678038,51.018365846531395,51.59460542525899,52.170845003986585,52.74708458271418,53.323324161441775,53.89956374016937,54.475803318896965,55.05204289762456,55.628282476352155,56.20452205507975,56.780761633807344,57.35700121253494,57.933240791262534,58.50948036999013,59.085719948717724,59.66195952744532,60.238199106172914,60.81443868490051,61.390678263628104,61.9669178423557,62.54315742108329,63.11939699981089,63.69563657853848,64.27187615726608,64.84811573599367,65.42435531472127,66.00059489344886,66.57683447217646,67.15307405090405,67.72931362963165,68.30555320835924,68.88179278708684,69.45803236581443,70.03427194454203,70.61051152326962,71.18675110199722,71.76299068072481,72.3392302594524,72.91546983818,73.4917094169076,74.06794899563519,74.64418857436279,75.22042815309038,75.79666773181798,76.37290731054557,76.94914688927317,77.52538646800076,78.10162604672836,78.67786562545595,79.25410520418355,79.83034478291114,80.40658436163874,80.98282394036633,81.55906351909393,82.13530309782152,82.71154267654912,83.28778225527671,83.8640218340043,84.4402614127319,85.0165009914595,85.59274057018709,86.16898014891468,86.74521972764228,87.32145930636987,87.89769888509747,88.47393846382506,89.05017804255266,89.62641762128025,90.20265720000785,90.77889677873544,91.35513635746304,91.93137593619063,92.50761551491823,93.08385509364582,93.66009467237342,94.23633425110101,94.81257382982861,95.3888134085562,95.9650529872838,96.54129256601139,97.11753214473899,97.69377172346658,98.27001130219418,98.84625088092177,99.42249045964937,99.99873003837696,100.57496961710456,101.15120919583215,101.72744877455975,102.30368835328734,102.87992793201494,103.45616751074253,104.03240708947013,104.60864666819772,105.18488624692532,105.76112582565291,106.3373654043805,106.9136049831081,107.4898445618357,108.06608414056329,108.64232371929089,109.21856329801848,109.79480287674608,110.37104245547367,110.94728203420127,111.52352161292886,112.09976119165646,112.67600077038405,113.25224034911164,113.82847992783924,114.40471950656683,114.98095908529443,115.55719866402202,116.13343824274962,116.70967782147721,117.28591740020481,117.8621569789324,118.43839655766,119.0146361363876,119.59087571511519,120.16711529384278,120.74335487257038,121.31959445129797,121.89583403002557,122.47207360875316,123.04831318748076,123.62455276620835,124.20079234493595,124.77703192366354,125.35327150239114,125.92951108111873,126.50575065984633,127.08199023857392,127.65822981730152,128.2344693960291,128.81070897475672,129.38694855348433,129.96318813221194,130.53942771093955,131.11566728966716,131.69190686839477,132.26814644712238,132.84438602584999,133.4206256045776,133.9968651833052,134.5731047620328,135.14934434076042,135.72558391948803,136.30182349821564,136.87806307694325,137.45430265567086,138.03054223439847,138.60678181312608,139.18302139185369,139.7592609705813,140.3355005493089,140.9117401280365,141.48797970676412,142.06421928549173,142.64045886421934,143.21669844294695,143.79293802167456,144.36917760040217,144.94541717912978,145.5216567578574,146.097896336585,146.6741359153126,147.2503754940402,147.82661507276782,148.40285465149543,148.97909423022304,149.55533380895065,150.13157338767826,150.70781296640587,151.28405254513348,151.8602921238611,152.4365317025887,153.0127712813163,153.5890108600439,154.16525043877152,154.74149001749913,155.31772959622674,155.89396917495435,156.47020875368196,157.04644833240957,157.62268791113718,158.1989274898648,158.7751670685924,159.35140664732,159.9276462260476,160.50388580477522,161.08012538350283,161.65636496223044,162.23260454095805,162.80884411968566,163.38508369841327,163.96132327714088,164.5375628558685,165.1138024345961,165.6900420133237,166.2662815920513,166.84252117077892,167.41876074950653,167.99500032823414,168.57123990696175,169.14747948568936,169.72371906441697,170.29995864314458,170.8761982218722,171.4524378005998,172.0286773793274,172.60491695805501,173.18115653678262,173.75739611551023,174.33363569423784,174.90987527296545,175.48611485169306,176.06235443042067,176.63859400914828,177.2148335878759,177.7910731666035,178.3673127453311,178.94355232405871,179.51979190278632,180.09603148151393
0.5477180880427084,1.0954361760854168,1.6431542641281252,2.1908723521708335,2.738590440213542,3.2863085282562503,3.8340266162989587,4.381744704341667,4.929462792384376,5.477180880427085,6.024898968469794,6.572617056512502,7.120335144555211,7.66805323259792,8.215771320640629,8.763489408683338,9.311207496726047,9.858925584768755,10.406643672811464,10.954361760854173,11.502079848896882,12.04979793693959,12.5975160249823,13.595899477596204,14.143617565638912,14.691335653681621,15.23905374172433,15.786771829767039,16.334489917809748,16.882208005852455,17.88059145846636,18.428309546509066,18.976027634551773,19.52374572259448,20.071463810637187,21.06984726325109,21.6175653512938,22.165283439336505,22.713001527379213,23.26071961542192,23.808437703464627,24.356155791507334,24.90387387955004,25.451591967592748,25.999310055635455,26.547028143678162,27.09474623172087,27.642464319763576,28.190182407806283,28.73790049584899,29.285618583891697,29.833336671934404,30.38105475997711,30.92877284801982,31.476490936062525,32.02420902410523,32.57192711214794,33.11964520019065,34.11802865280455,34.665746740847254,35.21346482888996,35.76118291693267,36.308901004975375,36.85661909301808,37.40433718106079,37.9520552691035,38.4997733571462,39.498156809760104,40.04587489780281,40.59359298584552,41.141311073888225,41.68902916193093,42.68741261454483,43.23513070258754,43.78284879063025,44.330566878672954,44.87828496671566,45.42600305475837,45.973721142801075,46.52143923084378,47.06915731888649,47.616875406929196,48.1645934949719,48.71231158301461,49.26002967105732,49.807747759100025,50.35546584714273,50.90318393518544,51.450902023228146,51.99862011127085,52.54633819931356,53.09405628735627,53.641774375398974,54.18949246344168,54.73721055148439,55.284928639527095,55.8326467275698,56.38036481561251,56.928082903655216,57.47580099169792,58.02351907974063,58.57123716778334,59.118955255826044,59.66667334386875,60.21439143191146,60.762109519954166,61.30982760799687,61.85754569603958,62.40526378408229,62.952981872124994,63.5006999601677,64.04841804821041,64.59613613625312,65.14385422429584,65.69157231233855,66.23929040038126,66.78700848842398,67.3347265764667,67.8824446645094,68.43016275255212,68.97788084059484,69.52559892863755,70.07331701668026,70.62103510472298,71.16875319276569,71.7164712808084,72.26418936885112,72.81190745689383,73.35962554493655,73.90734363297926,74.45506172102198,75.00277980906469,75.5504978971074,76.54888134972131,77.09659943776403,77.64431752580674,78.19203561384946,78.73975370189217,79.28747178993488,79.8351898779776,80.38290796602031,80.93062605406303,81.47834414210574,82.02606223014845,82.57378031819117,83.57216377080508,84.11988185884779,84.6675999468905,85.21531803493322,85.76303612297593,86.31075421101865,86.85847229906136,87.40619038710408,87.95390847514679,88.5016265631895,89.04934465123222,89.59706273927493,90.59544619188884,91.14316427993155,91.69088236797427,92.23860045601698,92.7863185440597,93.7847019966736,94.33242008471632,94.88013817275903,95.42785626080175,95.97557434884446,96.52329243688717,97.07101052492989,97.6187286129726,98.16644670101532,98.71416478905803,99.26188287710075,99.80960096514346,100.35731905318617,100.90503714122889,101.4527552292716,102.00047331731432,102.54819140535703,103.09590949339974,103.64362758144246,104.19134566948517,104.73906375752789,105.2867818455706,105.83449993361332,106.38221802165603,106.92993610969874,107.47765419774146,108.02537228578417,108.57309037382689,109.1208084618696,109.66852654991231,110.21624463795503,110.76396272599774,111.31168081404046,111.85939890208317,112.40711699012589,112.9548350781686,113.50255316621131,114.05027125425403,114.59798934229674,115.14570743033946,115.69342551838217,116.24114360642488,116.7888616944676,117.33657978251031,117.88429787055303,118.43201595859574,118.97973404663846,119.52745213468117,120.07517022272388,120.6228883107666,121.17060639880931,121.71832448685203,122.26604257489474,122.81376066293745,123.36147875098017,123.90919683902288,124.4569149270656,125.00463301510831,125.55235110315103,126.10006919119374,126.64778727923645,127.19550536727917,127.74322345532188,128.2909415433646,128.8386596314073,129.38637771945,129.9340958074927,130.4818138955354,131.0295319835781,131.5772500716208,132.1249681596635,132.6726862477062,133.2204043357489,133.7681224237916,134.3158405118343,134.863558599877,135.4112766879197,135.9589947759624,136.5067128640051,137.0544309520478,137.6021490400905,138.1498671281332,138.6975852161759,139.2453033042186,139.7930213922613,140.340739480304,140.8884575683467,141.4361756563894,141.9838937444321,142.5316118324748,143.0793299205175,143.6270480085602,144.1747660966029,144.7224841846456,145.2702022726883,145.817920360731,146.3656384487737,146.9133565368164,147.4610746248591,148.0087927129018,148.5565108009445,149.1042288889872,149.6519469770299,150.1996650650726,150.7473831531153,151.295101241158,151.8428193292007,152.3905374172434,152.9382555052861,153.4859735933288,154.0336916813715,154.5814097694142,155.1291278574569,155.6768459454996,156.2245640335423,156.772282121585,157.3200002096277,157.8677182976704,158.4154363857131,158.9631544737558,159.5108725617985,160.0585906498412,160.6063087378839,161.1540268259266,161.7017449139693,162.249463002012,162.7971810900547,163.3448991780974,163.8926172661401,164.4403353541828,164.9880534422255,165.5357715302682,166.0834896183109,166.6312077063536,167.1789257943963,167.726643882439,168.2743619704817,168.8220800585244
0.5870552581342299,1.1741105162684597,1.7611657744026896,2.3482210325369195,2.9352762906711494,3.5223315488053792,4.109386806939609,4.696442065073839,5.283497323208069,6.533335567521547,7.120390825655777,7.707446083790007,8.957284328103485,9.544339586237715,10.131394844371945,11.381233088685423,11.968288346819653,13.218126591133132,13.805181849267361,15.05502009358084,15.64207535171507,16.2291306098493,17.47896885416278,18.066024112297008,18.653079370431236,19.240134628565464,19.827189886699692,20.41424514483392,21.6640833891474,22.91392163346088,23.50097689159511,24.088032149729337,24.675087407863565,25.262142665997793,25.84919792413202,26.43625318226625,27.023308440400477,27.610363698534705,28.197418956668933,28.78447421480316,30.03431245911664,31.28415070343012,31.87120596156435,32.45826121969858,33.045316477832806,33.632371735967034,34.21942699410126,34.80648225223549,35.39353751036972,35.980592768503946,36.567648026638174,37.1547032847724,37.74175854290663,38.32881380104086,38.91586905917509,39.502924317309315,40.08997957544354,40.67703483357777,41.264090091712,41.85114534984623,42.438200607980455,43.025255866114684,43.61231112424891,44.19936638238314,44.78642164051737,45.373476898651596,45.960532156785824,46.54758741492005,47.13464267305428,47.72169793118851,48.308753189322736,48.895808447456965,49.48286370559119,50.06991896372542,50.65697422185965,51.24402947999388,51.831084738128105,52.41813999626233,53.00519525439656,53.59225051253079,54.17930577066502,54.766361028799246,55.353416286933474,55.9404715450677,56.52752680320193,57.11458206133616,57.701637319470386,58.288692577604614,58.87574783573884,59.46280309387307,60.0498583520073,60.63691361014153,61.223968868275755,61.81102412640998,62.39807938454421,62.98513464267844,63.57218990081267,64.1592451589469,64.74630041708113,65.33335567521536,65.92041093334959,66.50746619148381,67.09452144961804,67.68157670775227,68.2686319658865,68.85568722402073,69.44274248215496,70.02979774028918,70.61685299842341,71.20390825655764,71.79096351469187,72.3780187728261,72.96507403096032,73.55212928909455,74.13918454722878,74.72623980536301,75.31329506349724,75.90035032163146,76.48740557976569,77.07446083789992,77.66151609603415,78.24857135416838,78.8356266123026,79.42268187043683,80.00973712857106,80.59679238670529,81.18384764483952,81.77090290297375,82.35795816110797,82.9450134192422,83.53206867737643,84.11912393551066,84.70617919364489,85.29323445177911,85.88028970991334,86.46734496804757,87.0544002261818,87.64145548431603,88.22851074245025,88.81556600058448,89.40262125871871,89.98967651685294,90.57673177498717,91.1637870331214,91.75084229125562,92.33789754938985,92.92495280752408,93.5120080656583,94.09906332379254,94.68611858192676,95.27317384006099,95.86022909819522,96.44728435632945,97.03433961446368,97.6213948725979,98.20845013073213,98.79550538886636,99.38256064700059,99.96961590513482,100.55667116326904,101.14372642140327,101.7307816795375,102.31783693767173,102.90489219580596,103.49194745394018,104.07900271207441,104.66605797020864,105.25311322834287,105.8401684864771,106.42722374461133,107.01427900274555,107.60133426087978,108.18838951901401,108.77544477714824,109.36250003528247,109.9495552934167,110.53661055155092,111.12366580968515,111.71072106781938,112.2977763259536,112.88483158408783,113.47188684222206,114.05894210035629,114.64599735849052,115.23305261662475,115.82010787475897,116.4071631328932,116.99421839102743,117.58127364916166,118.16832890729589,118.75538416543012,119.34243942356434,119.92949468169857,120.5165499398328,121.10360519796703,121.69066045610126,122.27771571423548,122.86477097236971,123.45182623050394,124.03888148863817,124.6259367467724,125.21299200490662,125.80004726304085,126.38710252117508,126.97415777930931,127.56121303744354,128.14826829557776,128.735323553712,129.32237881184622,129.90943406998045,130.49648932811468,131.0835445862489,131.67059984438313,132.25765510251736,132.8447103606516,133.43176561878582,134.01882087692005,134.60587613505427,135.1929313931885,135.77998665132273,136.36704190945696,136.9540971675912,137.54115242572541,138.12820768385964,138.71526294199387,139.3023182001281,139.88937345826233,140.47642871639655,141.06348397453078,141.650539232665,142.23759449079924,142.82464974893347,143.4117050070677,143.99876026520192,144.58581552333615,145.17287078147038,145.7599260396046,146.34698129773884,146.93403655587306,147.5210918140073,148.10814707214152,148.69520233027575,149.28225758840998,149.8693128465442,150.45636810467843,151.04342336281266,151.6304786209469,152.21753387908112,152.80458913721534,153.39164439534957,153.9786996534838,154.56575491161803,155.15281016975226,155.73986542788649,156.3269206860207,156.91397594415494,157.50103120228917,158.0880864604234,158.67514171855763,159.26219697669185,159.84925223482608,160.4363074929603,161.02336275109454,161.61041800922877,162.197473267363,162.78452852549722,163.37158378363145,163.95863904176568,164.5456942998999,165.13274955803413,165.71980481616836,166.3068600743026,166.89391533243682,167.48097059057105,168.06802584870528,168.6550811068395,169.24213636497373,169.82919162310796,170.4162468812422,171.00330213937642,171.59035739751064,172.17741265564487,172.7644679137791,173.35152317191333,173.93857843004756,174.52563368818178,175.112688946316,175.69974420445024,176.28679946258447,176.8738547207187,177.46090997885292,178.04796523698715,178.63502049512138,179.2220757532556,179.80913101138984,180.39618626952407,180.9832415276583,181.57029678579252,182.15735204392675,182.74440730206098
0.5817507813282874,1.1635015626565748,1.7452523439848622,2.3270031253131496,2.908753906641437,3.4905046879697244,4.072255469298012,4.654006250626299,5.235757031954586,5.817507813282873,6.39925859461116,6.981009375939447,7.562760157267734,8.14451093859602,8.726261719924308,9.308012501252595,9.889763282580882,10.471514063909169,11.053264845237456,11.635015626565743,12.21676640789403,12.798517189222316,13.380267970550603,13.96201875187889,14.543769533207177,15.125520314535464,15.707271095863751,16.289021877192038,16.870772658520327,17.452523439848616,18.034274221176904,18.616025002505193,19.19777578383348,19.77952656516177,20.36127734649006,20.943028127818348,21.524778909146637,22.926038487551917,23.507789268880206,24.089540050208495,25.490799628613775,26.072550409942064,26.654301191270353,28.055560769675633,28.637311551003922,29.21906233233221,29.8008131136605,30.382563894988788,30.964314676317077,31.546065457645366,32.12781623897365,32.70956702030194,33.29131780163023,33.87306858295852,34.454819364286806,35.036570145615094,35.61832092694338,36.20007170827167,36.78182248959996,38.18308206800524,38.76483284933353,40.16609242773881,40.7478432090671,41.32959399039539,41.91134477172368,42.493095553051965,43.074846334380254,43.65659711570854,44.23834789703683,44.82009867836512,45.40184945969341,45.9836002410217,46.56535102234999,47.147101803678275,47.728852585006564,49.130112163411845,49.71186294474013,50.29361372606842,50.87536450739671,51.457115288725,52.03886607005329,53.44012564845857,54.02187642978686,54.603627211115146,55.185377992443435,56.586637570848715,57.168388352177004,57.75013913350529,58.33188991483358,58.91364069616187,59.49539147749016,60.07714225881845,60.65889304014674,61.240643821475025,61.822394602803314,62.4041453841316,62.98589616545989,63.56764694678818,64.14939772811647,64.73114850944475,65.31289929077303,65.89465007210131,66.4764008534296,67.05815163475788,67.63990241608616,68.22165319741444,68.80340397874272,69.385154760071,69.96690554139929,70.54865632272757,71.13040710405585,71.71215788538413,72.29390866671241,72.8756594480407,73.45741022936897,74.03916101069726,74.62091179202554,75.20266257335382,75.7844133546821,76.36616413601038,76.94791491733866,77.52966569866695,78.11141647999523,78.69316726132351,79.27491804265179,79.85666882398007,80.43841960530835,81.02017038663664,81.60192116796492,82.1836719492932,82.76542273062148,83.34717351194976,83.92892429327804,84.51067507460633,85.9119346530116,86.49368543433988,87.89494501274515,88.47669579407344,89.05844657540172,89.64019735673,90.22194813805828,90.80369891938656,91.38544970071484,91.96720048204313,92.5489512633714,93.13070204469969,93.71245282602797,94.29420360735625,94.87595438868453,95.45770517001282,96.0394559513411,96.62120673266938,97.20295751399766,97.78470829532594,98.36645907665422,98.9482098579825,99.52996063931079,100.11171142063907,100.69346220196735,101.27521298329563,101.85696376462391,102.4387145459522,103.02046532728048,103.60221610860876,104.18396688993704,104.76571767126532,105.3474684525936,105.92921923392188,106.51097001525017,107.09272079657845,107.67447157790673,108.25622235923501,108.83797314056329,109.41972392189157,110.00147470321986,110.58322548454814,111.16497626587642,111.7467270472047,112.32847782853298,112.91022860986126,113.49197939118955,114.07373017251783,114.65548095384611,115.23723173517439,115.81898251650267,116.40073329783095,116.98248407915924,117.56423486048752,118.1459856418158,118.72773642314408,119.30948720447236,119.89123798580064,120.47298876712892,121.0547395484572,121.63649032978549,122.21824111111377,122.79999189244205,123.38174267377033,123.96349345509861,124.5452442364269,125.12699501775518,125.70874579908346,126.29049658041174,126.87224736174002,127.4539981430683,128.0357489243966,128.61749970572487,129.19925048705315,129.78100126838143,130.3627520497097,130.944502831038,131.52625361236628,132.10800439369456,132.68975517502284,133.27150595635112,133.8532567376794,134.43500751900768,135.01675830033597,135.59850908166425,136.18025986299253,136.7620106443208,137.3437614256491,137.92551220697737,138.50726298830565,139.08901376963394,139.67076455096222,140.2525153322905,140.83426611361878,141.41601689494706,141.99776767627534,142.57951845760363,143.1612692389319,143.7430200202602,144.32477080158847,144.90652158291675,145.48827236424503,146.07002314557332,146.6517739269016,147.23352470822988,147.81527548955816,148.39702627088644,148.97877705221472,149.560527833543,150.1422786148713,150.72402939619957,151.30578017752785,151.88753095885613,152.4692817401844,153.0510325215127,153.63278330284098,154.21453408416926,154.79628486549754,155.37803564682582,155.9597864281541,156.54153720948239,157.12328799081067,157.70503877213895,158.28678955346723,158.8685403347955,159.4502911161238,160.03204189745207,160.61379267878036,161.19554346010864,161.77729424143692,162.3590450227652,162.94079580409348,163.52254658542176,164.10429736675005,164.68604814807833,165.2677989294066,165.8495497107349,166.43130049206317,167.01305127339145,167.59480205471974,168.17655283604802,168.7583036173763,169.34005439870458,169.92180518003286,170.50355596136114,171.08530674268943,171.6670575240177,172.248808305346,172.83055908667427,173.41230986800255,173.99406064933083,174.57581143065912,175.1575622119874,175.73931299331568,176.32106377464396,176.90281455597224,177.48456533730052,178.0663161186288,178.6480668999571,179.22981768128537,179.81156846261365,180.39331924394193,180.9750700252702,181.5568208065985,182.13857158792678,182.72032236925506
0.5491153487109215,1.098230697421843,1.6473460461327645,2.196461394843686,2.7455767435546075,3.294692092265529,3.8438074409764504,4.392922789687372,5.474007280315564,6.023122629026485,6.572237977737407,7.121353326448329,7.670468675159251,8.219584023870173,8.768699372581095,9.317814721292017,9.866930070002939,10.41604541871386,10.965160767424782,11.514276116135704,12.063391464846626,12.612506813557548,13.16162216226847,13.710737510979392,14.259852859690314,14.808968208401236,15.358083557112158,15.90719890582308,16.456314254534,17.00542960324492,17.55454495195584,18.10366030066676,18.65277564937768,19.733860140005874,20.282975488716794,21.364059979344987,21.913175328055907,22.462290676766827,23.54337516739502,24.09249051610594,24.64160586481686,25.19072121352778,25.7398365622387,26.820921052866893,27.370036401577813,27.919151750288734,28.468267098999654,29.017382447710574,29.566497796421494,30.115613145132414,30.664728493843334,31.213843842554255,31.762959191265175,32.312074539976095,32.861189888687015,33.410305237397935,33.959420586108855,34.508535934819776,35.057651283530696,35.606766632241616,36.155881980952536,36.704997329663456,37.254112678374376,37.8032280270853,38.35234337579622,38.90145872450714,39.98254321513533,40.53165856384625,41.08077391255717,41.62988926126809,42.17900460997901,42.72811995868993,43.27723530740085,43.82635065611177,44.37546600482269,44.92458135353361,45.47369670224453,46.02281205095545,46.57192739966637,47.12104274837729,47.67015809708821,48.751242587716405,49.300357936427325,49.849473285138245,50.398588633849165,50.947703982560085,51.496819331271006,52.045934679981926,52.595050028692846,53.144165377403766,53.693280726114686,54.242396074825606,54.79151142353653,55.34062677224745,55.88974212095837,56.43885746966929,56.98797281838021,57.53708816709113,58.08620351580205,58.63531886451297,59.18443421322389,59.73354956193481,60.28266491064573,60.83178025935665,61.38089560806757,61.93001095677849,62.47912630548941,63.02824165420033,63.57735700291125,64.12647235162217,64.6755877003331,65.22470304904402,65.77381839775495,66.32293374646588,66.8720490951768,67.42116444388773,67.97027979259866,68.51939514130959,69.06851049002051,69.61762583873144,70.16674118744237,70.7158565361533,71.26497188486422,71.81408723357515,72.36320258228608,72.912317930997,73.46143327970793,74.01054862841886,74.55966397712979,75.10877932584071,75.65789467455164,76.20701002326257,76.7561253719735,77.30524072068442,77.85435606939535,78.40347141810628,78.9525867668172,79.50170211552813,80.05081746423906,80.59993281294999,81.14904816166091,81.69816351037184,82.77924800100003,83.32836334971095,83.87747869842188,84.42659404713281,85.507678537761,86.05679388647192,86.60590923518285,87.15502458389378,87.7041399326047,88.25325528131563,89.33433977194382,89.88345512065474,90.43257046936567,90.9816858180766,91.53080116678753,92.07991651549845,92.62903186420938,93.17814721292031,93.72726256163124,94.27637791034216,94.82549325905309,95.37460860776402,95.92372395647494,96.47283930518587,97.0219546538968,97.57107000260773,98.12018535131865,98.66930070002958,99.21841604874051,99.76753139745144,100.31664674616236,100.86576209487329,101.41487744358422,101.96399279229514,102.51310814100607,103.062223489717,103.61133883842793,104.16045418713885,104.70956953584978,105.25868488456071,105.80780023327164,106.35691558198256,106.90603093069349,107.45514627940442,108.00426162811534,108.55337697682627,109.1024923255372,109.65160767424813,110.20072302295905,110.74983837166998,111.29895372038091,111.84806906909184,112.39718441780276,112.94629976651369,113.49541511522462,114.04453046393554,114.59364581264647,115.1427611613574,115.69187651006833,116.24099185877925,116.79010720749018,117.33922255620111,117.88833790491204,118.43745325362296,118.98656860233389,119.53568395104482,120.08479929975574,120.63391464846667,121.1830299971776,121.73214534588853,122.28126069459945,122.83037604331038,123.37949139202131,123.92860674073223,124.47772208944316,125.02683743815409,125.57595278686502,126.12506813557594,126.67418348428687,127.2232988329978,127.77241418170873,128.32152953041964,128.87064487913057,129.4197602278415,129.96887557655242,130.51799092526335,131.06710627397428,131.6162216226852,132.16533697139613,132.71445232010706,133.26356766881798,133.8126830175289,134.36179836623984,134.91091371495077,135.4600290636617,136.00914441237262,136.55825976108355,137.10737510979448,137.6564904585054,138.20560580721633,138.75472115592726,139.30383650463818,139.8529518533491,140.40206720206004,140.95118255077097,141.5002978994819,142.04941324819282,142.59852859690375,143.14764394561467,143.6967592943256,144.24587464303653,144.79498999174746,145.34410534045838,145.8932206891693,146.44233603788024,146.99145138659117,147.5405667353021,148.08968208401302,148.63879743272395,149.18791278143487,149.7370281301458,150.28614347885673,150.83525882756766,151.38437417627858,151.9334895249895,152.48260487370044,153.03172022241137,153.5808355711223,154.12995091983322,154.67906626854415,155.22818161725507,155.777296965966,156.32641231467693,156.87552766338786,157.42464301209878,157.9737583608097,158.52287370952064,159.07198905823157,159.6211044069425,160.17021975565342,160.71933510436435,161.26845045307527,161.8175658017862,162.36668115049713,162.91579649920806,163.46491184791898,164.0140271966299,164.56314254534084,165.11225789405177,165.6613732427627,166.21048859147362,166.75960394018455,167.30871928889547,167.8578346376064,168.40694998631733,168.95606533502826,169.50518068373918,170.0542960324501
0.5507838287311284,1.1015676574622568,1.6523514861933852,2.2031353149245136,2.753919143655642,3.30470297238677,3.855486801117898,4.87331842115197,5.424102249883098,5.974886078614226,6.525669907345354,7.076453736076482,7.6272375648076105,8.178021393538739,8.728805222269868,9.279589051000997,10.297420671035068,10.848204499766197,11.398988328497326,11.949772157228455,12.500555985959585,13.051339814690714,13.602123643421843,14.152907472152972,14.7036913008841,15.25447512961523,15.805258958346359,16.356042787077488,16.906826615808615,17.457610444539743,18.00839427327087,18.559178102001997,19.109961930733125,19.660745759464252,20.21152958819538,20.762313416926506,21.313097245657634,21.86388107438876,22.41466490311989,23.43249652315396,24.450328143188035,25.001111971919162,25.55189580065029,26.102679629381417,26.653463458112544,27.20424728684367,27.7550311155748,28.305814944305926,29.32364656434,29.874430393071126,30.425214221802253,30.97599805053338,31.526781879264508,32.07756570799564,32.628349536726766,33.64618115676084,34.19696498549197,34.747748814223094,35.29853264295422,36.316364262988294,36.86714809171942,37.41793192045055,38.43576354048462,38.98654736921575,39.53733119794688,40.088115026678004,40.63889885540913,41.18968268414026,41.740466512871386,42.29125034160251,42.84203417033364,43.39281799906477,43.943601827795895,44.96143344782997,45.512217276561096,46.06300110529222,46.61378493402335,47.63161655405742,48.18240038278855,48.73318421151968,49.283968040250805,49.83475186898193,50.38553569771306,50.93631952644419,51.487103355175314,52.03788718390644,52.58867101263757,53.139454841368696,53.69023867009982,54.24102249883095,54.79180632756208,55.342590156293205,55.89337398502433,56.44415781375546,56.99494164248659,57.545725471217715,58.09650929994884,58.64729312867997,59.1980769574111,59.748860786142224,60.29964461487335,60.85042844360448,61.401212272335606,61.95199610106673,62.50277992979786,63.05356375852899,63.604347587260115,64.15513141599125,64.70591524472238,65.2566990734535,65.80748290218463,66.35826673091576,66.90905055964689,67.45983438837801,68.01061821710914,68.56140204584027,69.1121858745714,69.66296970330252,70.21375353203365,70.76453736076478,71.3153211894959,71.86610501822703,72.41688884695816,72.96767267568929,73.51845650442041,74.06924033315154,74.62002416188267,75.1708079906138,75.72159181934492,76.27237564807605,76.82315947680718,77.3739433055383,77.92472713426943,78.47551096300056,79.02629479173169,79.57707862046281,80.12786244919394,80.67864627792507,81.2294301066562,81.78021393538732,82.33099776411845,82.88178159284958,83.4325654215807,83.98334925031183,84.53413307904296,85.08491690777409,85.63570073650521,86.18648456523634,86.73726839396747,87.2880522226986,87.83883605142972,88.38961988016085,88.94040370889198,89.4911875376231,90.04197136635423,90.59275519508536,91.14353902381649,91.69432285254761,92.24510668127874,92.79589051000987,93.346674338741,93.89745816747212,94.44824199620325,94.99902582493438,95.5498096536655,96.10059348239663,96.65137731112776,97.20216113985889,97.75294496859001,98.30372879732114,98.85451262605227,99.4052964547834,99.95608028351452,100.50686411224565,101.05764794097678,101.6084317697079,102.15921559843903,102.70999942717016,103.26078325590129,103.81156708463242,104.36235091336354,104.91313474209467,105.4639185708258,106.01470239955692,106.56548622828805,107.11627005701918,107.6670538857503,108.21783771448143,108.76862154321256,109.31940537194369,109.87018920067482,110.42097302940594,110.97175685813707,111.5225406868682,112.07332451559932,112.62410834433045,113.17489217306158,113.7256760017927,114.27645983052383,114.82724365925496,115.37802748798609,115.92881131671722,116.47959514544834,117.03037897417947,117.5811628029106,118.13194663164172,118.68273046037285,119.23351428910398,119.7842981178351,120.33508194656623,120.88586577529736,121.43664960402849,121.98743343275962,122.53821726149074,123.08900109022187,123.639784918953,124.19056874768413,124.74135257641525,125.29213640514638,125.8429202338775,126.39370406260863,126.94448789133976,127.49527172007089,128.04605554880203,128.59683937753317,129.1476232062643,129.69840703499545,130.2491908637266,130.79997469245774,131.35075852118888,131.90154234992002,132.45232617865116,133.0031100073823,133.55389383611345,134.1046776648446,134.65546149357573,135.20624532230687,135.757029151038,136.30781297976915,136.8585968085003,137.40938063723144,137.96016446596258,138.51094829469372,139.06173212342486,139.612515952156,140.16329978088714,140.71408360961829,141.26486743834943,141.81565126708057,142.3664350958117,142.91721892454285,143.468002753274,144.01878658200513,144.56957041073628,145.12035423946742,145.67113806819856,146.2219218969297,146.77270572566084,147.32348955439198,147.87427338312312,148.42505721185427,148.9758410405854,149.52662486931655,150.0774086980477,150.62819252677883,151.17897635550997,151.72976018424112,152.28054401297226,152.8313278417034,153.38211167043454,153.93289549916568,154.48367932789682,155.03446315662796,155.5852469853591,156.13603081409025,156.6868146428214,157.23759847155253,157.78838230028367,158.3391661290148,158.88994995774596,159.4407337864771,159.99151761520824,160.54230144393938,161.09308527267052,161.64386910140166,162.1946529301328,162.74543675886395,163.2962205875951,163.84700441632623,164.39778824505737,164.9485720737885,165.49935590251965,166.0501397312508,166.60092355998194,167.15170738871308,167.70249121744422,168.25327504617536,168.8040588749065,169.35484270363764,169.90562653236879
1.0456874187122824,1.6296179875746015,2.213548556436921,2.79747912529924,3.381409694161559,3.965340263023878,4.549270831886197,5.133201400748517,5.717131969610836,6.301062538473156,6.884993107335475,7.930680526047758,8.514611094910077,9.098541663772396,9.682472232634716,10.266402801497035,10.850333370359355,11.434263939221674,12.479951357933956,13.525638776646238,14.109569345508557,14.693499914370877,15.277430483233196,15.861361052095516,16.445291620957835,17.029222189820153,17.61315275868247,18.19708332754479,19.242770746257072,19.82670131511939,20.872388733831674,21.45631930269399,22.04024987155631,22.624180440418627,23.208111009280945,23.792041578143262,24.837728996855546,25.421659565717864,26.467346984430147,27.051277553292465,27.635208122154783,28.2191386910171,28.80306925987942,29.386999828741736,29.970930397604054,31.016617816316337,32.06230523502862,32.64623580389094,33.23016637275326,33.81409694161558,34.3980275104779,34.981958079340224,35.565888648202545,36.14981921706487,36.73374978592719,37.31768035478951,37.90161092365183,38.48554149251415,39.06947206137647,39.653402630238794,40.237333199101116,40.82126376796344,41.40519433682576,41.98912490568808,42.5730554745504,43.15698604341272,43.74091661227504,44.324847181137365,44.908777749999686,45.49270831886201,46.07663888772433,46.66056945658665,47.24450002544897,47.82843059431129,48.412361163173614,48.996291732035935,49.58022230089826,50.16415286976058,50.7480834386229,51.33201400748522,51.91594457634754,52.49987514520986,53.083805714072184,53.667736282934506,54.25166685179683,54.83559742065915,55.41952798952147,56.00345855838379,56.58738912724611,57.171319696108434,57.755250264970755,58.339180833833076,58.9231114026954,59.50704197155772,60.09097254042004,60.67490310928236,61.25883367814468,61.842764247007004,62.426694815869325,63.01062538473165,63.59455595359397,64.17848652245628,64.7624170913186,65.34634766018091,65.93027822904322,66.51420879790554,67.09813936676785,67.68206993563017,68.26600050449248,68.8499310733548,69.43386164221711,70.01779221107942,70.60172277994174,71.18565334880405,71.76958391766637,72.35351448652868,72.937445055391,73.52137562425331,74.10530619311562,74.68923676197794,75.27316733084025,75.85709789970257,76.44102846856488,77.0249590374272,77.60888960628951,78.19282017515182,78.77675074401414,79.36068131287645,79.94461188173877,80.52854245060108,81.1124730194634,81.69640358832571,82.28033415718802,82.86426472605034,83.44819529491265,84.03212586377497,84.61605643263728,85.1999870014996,85.78391757036191,86.36784813922422,86.95177870808654,87.53570927694885,88.11963984581116,88.70357041467348,89.2875009835358,89.8714315523981,90.45536212126042,91.03929269012274,91.62322325898505,92.20715382784736,92.79108439670968,93.37501496557199,93.9589455344343,94.54287610329662,95.12680667215893,95.71073724102125,96.29466780988356,96.87859837874588,97.46252894760819,98.0464595164705,98.63039008533282,99.21432065419513,99.79825122305745,100.38218179191976,100.96611236078208,101.55004292964439,102.1339734985067,102.71790406736902,103.30183463623133,103.88576520509365,104.46969577395596,105.05362634281828,105.63755691168059,106.2214874805429,106.80541804940522,107.38934861826753,107.97327918712985,108.55720975599216,109.14114032485448,109.72507089371679,110.3090014625791,110.89293203144142,111.47686260030373,112.06079316916605,112.64472373802836,113.22865430689068,113.81258487575299,114.3965154446153,114.98044601347762,115.56437658233993,116.14830715120225,116.73223772006456,117.31616828892687,117.90009885778919,118.4840294266515,119.06795999551382,119.65189056437613,120.23582113323845,120.81975170210076,121.40368227096307,121.98761283982539,122.5715434086877,123.15547397755002,123.73940454641233,124.32333511527465,124.90726568413696,125.49119625299927,126.07512682186159,126.6590573907239,127.24298795958622,127.82691852844853,128.41084909731086,128.99477966617317,129.5787102350355,130.1626408038978,130.74657137276012,131.33050194162243,131.91443251048474,132.49836307934706,133.08229364820937,133.6662242170717,134.250154785934,134.83408535479631,135.41801592365863,136.00194649252094,136.58587706138326,137.16980763024557,137.7537381991079,138.3376687679702,138.92159933683251,139.50552990569483,140.08946047455714,140.67339104341946,141.25732161228177,141.84125218114409,142.4251827500064,143.0091133188687,143.59304388773103,144.17697445659334,144.76090502545566,145.34483559431797,145.92876616318028,146.5126967320426,147.0966273009049,147.68055786976723,148.26448843862954,148.84841900749186,149.43234957635417,150.01628014521648,150.6002107140788,151.1841412829411,151.76807185180343,152.35200242066574,152.93593298952806,153.51986355839037,154.10379412725268,154.687724696115,155.2716552649773,155.85558583383963,156.43951640270194,157.02344697156425,157.60737754042657,158.19130810928888,158.7752386781512,159.3591692470135,159.94309981587583,160.52703038473814,161.11096095360045,161.69489152246277,162.27882209132508,162.8627526601874,163.4466832290497,164.03061379791203,164.61454436677434,165.19847493563665,165.78240550449897,166.36633607336128,166.9502666422236,167.5341972110859,168.11812777994822,168.70205834881054,169.28598891767285,169.86991948653517,170.45385005539748,171.0377806242598,171.6217111931221,172.20564176198442,172.78957233084674,173.37350289970905,173.95743346857137,174.54136403743368,175.125294606296,175.7092251751583,176.29315574402062,176.87708631288294,177.46101688174525,178.04494745060757,178.62887801946988,179.2128085883322,179.7967391571945
1.2028554048932094,1.8040810042425353,2.4053066035918613,3.0065322029411874,3.6077578022905135,4.2089834016398395,4.810209000989166,5.411434600338492,6.012660199687818,7.215515604581027,7.816741203930353,8.417966803279679,9.62082220817289,10.222047807522214,10.82327340687154,11.424499006220865,12.02572460557019,12.626950204919515,13.22817580426884,13.829401403618165,14.43062700296749,15.6334824078607,16.83633781275391,17.437563412103238,18.038789011452565,18.64001461080189,19.8428700156951,20.44409561504443,21.045321214393756,21.646546813743083,22.24777241309241,22.848998012441736,23.450223611791063,24.05144921114039,24.652674810489717,25.253900409839044,25.85512600918837,26.456351608537698,27.057577207887025,27.658802807236352,28.26002840658568,28.861254005935006,29.462479605284333,30.06370520463366,30.664930803982987,31.867786208876197,32.469011808225524,33.07023740757485,34.27309281246806,34.874318411817384,35.47554401116671,36.07676961051604,36.677995209865365,37.88085061475857,38.4820762141079,39.083301813457226,39.68452741280655,40.28575301215588,40.88697861150521,41.48820421085453,42.08942981020386,42.69065540955319,43.291881008902514,44.49473641379572,45.09596201314505,45.697187612494375,46.2984132118437,46.89963881119303,47.500864410542356,48.10209000989168,48.70331560924101,49.30454120859034,49.90576680793966,50.50699240728899,51.10821800663832,51.709443605987644,52.31066920533697,52.9118948046863,53.513120404035625,54.11434600338495,54.71557160273428,55.316797202083606,55.91802280143293,56.51924840078226,57.12047400013159,57.721699599480914,58.32292519883024,58.92415079817957,59.525376397528895,60.12660199687822,60.72782759622755,61.329053195576876,61.9302787949262,62.53150439427553,63.13272999362486,63.73395559297418,64.3351811923235,64.93640679167282,65.53763239102214,66.13885799037146,66.74008358972078,67.3413091890701,67.94253478841942,68.54376038776874,69.14498598711806,69.74621158646738,70.3474371858167,70.94866278516602,71.54988838451534,72.15111398386466,72.75233958321398,73.3535651825633,73.95479078191262,74.55601638126194,75.15724198061126,75.75846757996058,76.3596931793099,76.96091877865922,77.56214437800854,78.16336997735786,78.76459557670718,79.3658211760565,79.96704677540582,80.56827237475514,81.16949797410446,81.77072357345378,82.3719491728031,82.97317477215242,83.57440037150174,84.17562597085106,84.77685157020038,85.3780771695497,85.97930276889902,86.58052836824834,87.18175396759766,87.78297956694698,88.3842051662963,88.98543076564562,89.58665636499494,90.18788196434426,90.78910756369358,91.3903331630429,91.99155876239222,92.59278436174154,93.19400996109086,93.79523556044018,94.3964611597895,94.99768675913882,95.59891235848814,96.20013795783746,96.80136355718678,97.4025891565361,98.00381475588541,98.60504035523473,99.20626595458405,99.80749155393337,100.4087171532827,101.00994275263201,101.61116835198133,102.21239395133065,102.81361955067997,103.4148451500293,104.01607074937861,104.61729634872793,105.21852194807725,105.81974754742657,106.42097314677589,107.02219874612521,107.62342434547453,108.22464994482385,108.82587554417317,109.42710114352249,110.02832674287181,110.62955234222113,111.23077794157045,111.83200354091977,112.43322914026909,113.03445473961841,113.63568033896773,114.23690593831705,114.83813153766637,115.43935713701569,116.04058273636501,116.64180833571433,117.24303393506365,117.84425953441297,118.44548513376229,119.04671073311161,119.64793633246093,120.24916193181025,120.85038753115957,121.45161313050889,122.05283872985821,122.65406432920753,123.25528992855685,123.85651552790617,124.45774112725549,125.05896672660481,125.66019232595413,126.26141792530345,126.86264352465277,127.46386912400209,128.06509472335142,128.66632032270076,129.2675459220501,129.86877152139942,130.46999712074876,131.0712227200981,131.67244831944743,132.27367391879676,132.8748995181461,133.47612511749543,134.07735071684476,134.6785763161941,135.27980191554343,135.88102751489276,136.4822531142421,137.08347871359143,137.68470431294077,138.2859299122901,138.88715551163943,139.48838111098877,140.0896067103381,140.69083230968744,141.29205790903677,141.8932835083861,142.49450910773544,143.09573470708477,143.6969603064341,144.29818590578344,144.89941150513278,145.5006371044821,146.10186270383144,146.70308830318078,147.3043139025301,147.90553950187945,148.50676510122878,149.1079907005781,149.70921629992745,150.31044189927678,150.91166749862612,151.51289309797545,152.11411869732478,152.71534429667412,153.31656989602345,153.9177954953728,154.51902109472212,155.12024669407145,155.7214722934208,156.32269789277012,156.92392349211946,157.5251490914688,158.12637469081812,158.72760029016746,159.3288258895168,159.93005148886613,160.53127708821546,161.1325026875648,161.73372828691413,162.33495388626346,162.9361794856128,163.53740508496213,164.13863068431147,164.7398562836608,165.34108188301013,165.94230748235947,166.5435330817088,167.14475868105814,167.74598428040747,168.3472098797568,168.94843547910614,169.54966107845547,170.1508866778048,170.75211227715414,171.35333787650347,171.9545634758528,172.55578907520214,173.15701467455148,173.7582402739008,174.35946587325014,174.96069147259948,175.5619170719488,176.16314267129815,176.76436827064748,177.36559386999681,177.96681946934615,178.56804506869548,179.16927066804482,179.77049626739415,180.37172186674348,180.97294746609282,181.57417306544215,182.1753986647915,182.77662426414082,183.37784986349016,183.9790754628395,184.58030106218882,185.18152666153816,185.7827522608875,186.38397786023683
0.5810305594203182,1.1620611188406365,1.7430916782609547,2.324122237681273,2.905152797101591,3.4861833565219094,4.067213915942228,5.1711229867003965,5.752153546120715,6.856062616878884,7.437093176299202,8.01812373571952,8.599154295139838,9.180184854560157,10.284093925318325,11.388002996076494,11.969033555496813,12.55006411491713,13.131094674337449,13.712125233757767,14.293155793178085,14.874186352598404,15.455216912018722,16.55912598277689,17.670000336194974,18.251030895615294,18.832061455035614,19.413092014455934,19.994122573876254,21.098031644634425,21.679062204054745,22.260092763475065,22.841123322895385,23.422153882315705,24.003184441736025,24.584215001156345,25.165245560576665,26.276119913994748,26.857150473415068,27.438181032835388,28.019211592255708,28.600242151676028,29.181272711096348,29.762303270516668,30.343333829936988,30.924364389357308,31.505394948777628,32.08642550819795,32.66745606761827,33.24848662703859,33.82951718645891,34.41054774587923,34.99157830529955,35.57260886471987,36.15363942414019,36.73466998356051,37.31570054298083,37.89673110240115,38.47776166182147,39.05879222124179,39.63982278066211,40.22085334008243,40.80188389950275,41.38291445892307,41.96394501834339,42.54497557776371,43.12600613718403,43.70703669660435,44.28806725602467,44.86909781544499,45.45012837486531,46.03115893428563,46.61218949370595,47.19322005312627,47.77425061254659,48.35528117196691,48.93631173138723,49.51734229080755,50.09837285022787,50.67940340964819,51.26043396906851,51.84146452848883,52.42249508790915,53.00352564732947,53.58455620674979,54.16558676617011,54.74661732559043,55.32764788501075,55.90867844443107,56.48970900385139,57.07073956327171,57.65177012269203,58.23280068211235,58.81383124153267,59.39486180095299,59.97589236037331,60.55692291979363,61.13795347921395,61.71898403863427,62.30001459805459,62.88104515747491,63.46207571689523,64.04310627631554,64.62413683573585,65.20516739515617,65.78619795457648,66.36722851399679,66.9482590734171,67.52928963283742,68.11032019225773,68.69135075167804,69.27238131109836,69.85341187051867,70.43444242993898,71.0154729893593,71.59650354877961,72.17753410819992,72.75856466762023,73.33959522704055,73.92062578646086,74.50165634588117,75.08268690530149,75.6637174647218,76.24474802414211,76.82577858356242,77.40680914298274,77.98783970240305,78.56887026182336,79.14990082124368,79.73093138066399,80.3119619400843,80.89299249950462,81.47402305892493,82.05505361834524,82.63608417776555,83.21711473718587,83.79814529660618,84.37917585602649,84.9602064154468,85.54123697486712,86.12226753428743,86.70329809370774,87.28432865312806,87.86535921254837,88.44638977196868,89.027420331389,89.60845089080931,90.18948145022962,90.77051200964993,91.35154256907025,91.93257312849056,92.51360368791087,93.09463424733119,93.6756648067515,94.25669536617181,94.83772592559212,95.41875648501244,95.99978704443275,96.58081760385306,97.16184816327338,97.74287872269369,98.323909282114,98.90493984153431,99.48597040095463,100.06700096037494,100.64803151979525,101.22906207921557,101.81009263863588,102.39112319805619,102.9721537574765,103.55318431689682,104.13421487631713,104.71524543573744,105.29627599515776,105.87730655457807,106.45833711399838,107.0393676734187,107.62039823283901,108.20142879225932,108.78245935167963,109.36348991109995,109.94452047052026,110.52555102994057,111.10658158936089,111.6876121487812,112.26864270820151,112.84967326762182,113.43070382704214,114.01173438646245,114.59276494588276,115.17379550530308,115.75482606472339,116.3358566241437,116.91688718356401,117.49791774298433,118.07894830240464,118.65997886182495,119.24100942124527,119.82203998066558,120.40307054008589,120.9841010995062,121.56513165892652,122.14616221834683,122.72719277776714,123.30822333718746,123.88925389660777,124.47028445602808,125.0513150154484,125.63234557486871,126.21337613428902,126.79440669370933,127.37543725312965,127.95646781254996,128.5374983719703,129.1185289313906,129.69955949081094,130.28059005023127,130.8616206096516,131.44265116907192,132.02368172849225,132.60471228791258,133.1857428473329,133.76677340675323,134.34780396617356,134.92883452559389,135.5098650850142,136.09089564443454,136.67192620385487,137.2529567632752,137.83398732269552,138.9448616761136,139.52589223553392,140.10692279495424,140.68795335437457,141.2689839137949,141.85001447321523,142.43104503263555,143.01207559205588,143.5931061514762,144.17413671089653,144.75516727031686,145.3361978297372,145.91722838915751,146.49825894857784,147.07928950799817,147.6603200674185,148.24135062683882,148.82238118625915,149.40341174567948,149.9844423050998,150.56547286452013,151.14650342394046,151.7275339833608,152.3085645427811,152.88959510220144,153.47062566162177,154.0516562210421,154.63268678046242,155.21371733988275,155.79474789930308,156.3757784587234,156.95680901814373,157.53783957756406,158.11887013698438,158.6999006964047,159.28093125582504,159.86196181524537,160.4429923746657,161.02402293408602,161.60505349350635,162.18608405292667,162.767114612347,163.34814517176733,163.92917573118766,164.51020629060798,165.0912368500283,165.67226740944864,166.25329796886896,166.8343285282893,167.41535908770962,167.99638964712994,169.107264000548,169.68829455996834,170.26932511938867,170.850355678809,171.43138623822932,172.01241679764965,172.59344735706998,173.1744779164903,173.75550847591063,174.33653903533096,174.91756959475128,175.4986001541716,176.07963071359194,176.66066127301227,177.2416918324326,177.82272239185292,178.40375295127325,178.98478351069357,179.5658140701139
0.5961909231547033,1.9005007973921262,2.4966917205468295,3.092882643701533,3.689073566856236,4.28526449001094,4.881455413165643,5.477646336320346,6.073837259475049,6.670028182629752,7.2662191057844545,7.862410028939157,9.166719903176581,9.762910826331284,10.359101749485987,10.95529267264069,11.551483595795393,12.147674518950096,12.743865442104799,13.340056365259501,13.936247288414204,14.532438211568907,15.12862913472361,15.724820057878313,16.321010981033016,16.91720190418772,17.513392827342425,18.10958375049713,18.705774673651835,19.30196559680654,19.898156519961244,20.49434744311595,21.090538366270653,21.686729289425358,22.282920212580063,22.879111135734767,24.18342100997219,24.779611933126894,26.083921807364316,26.68011273051902,27.276303653673725,27.87249457682843,28.468685499983135,29.06487642313784,29.661067346292544,30.25725826944725,31.56156814368467,32.157759066839375,32.75394998999408,33.35014091314878,34.6544507873862,35.95876066162363,36.55495158477833,37.15114250793303,38.53055582983513,39.12674675298983,39.72293767614453,40.31912859929923,40.915319522453935,41.511510445608636,42.81582031984606,43.41201124300076,44.00820216615546,44.604393089310165,45.200584012464866,45.79677493561957,46.39296585877427,46.98915678192897,47.58534770508367,48.18153862823837,48.77772955139307,49.37392047454777,49.970111397702475,51.2744212719399,51.8706121950946,52.4668031182493,53.062994041404004,53.659184964558705,54.255375887713406,54.85156681086811,55.44775773402281,56.04394865717751,56.64013958033221,57.23633050348691,57.83252142664161,58.428712349796314,59.024903272951015,59.621094196105716,60.21728511926042,60.81347604241512,61.40966696556982,62.00585788872452,62.60204881187922,63.19823973503392,63.794430658188624,64.39062158134332,64.98681250449803,65.58300342765274,66.17919435080745,66.77538527396216,67.37157619711687,67.96776712027157,68.56395804342628,69.16014896658099,69.7563398897357,70.35253081289041,70.94872173604512,71.54491265919982,72.14110358235453,72.73729450550924,73.33348542866395,73.92967635181866,74.52586727497336,75.12205819812807,75.71824912128278,76.31444004443749,76.9106309675922,77.5068218907469,78.10301281390161,78.69920373705632,79.29539466021103,79.89158558336574,80.48777650652045,81.08396742967516,81.68015835282986,82.27634927598457,82.87254019913928,83.46873112229399,84.0649220454487,84.6611129686034,85.25730389175811,85.85349481491282,86.44968573806753,87.04587666122224,87.64206758437695,88.23825850753165,88.83444943068636,89.43064035384107,90.02683127699578,90.62302220015049,91.2192131233052,91.8154040464599,92.41159496961461,93.00778589276932,93.60397681592403,94.20016773907874,94.79635866223344,95.39254958538815,95.98874050854286,96.58493143169757,97.18112235485228,97.77731327800699,98.3735042011617,98.9696951243164,99.56588604747111,100.16207697062582,100.75826789378053,101.35445881693524,101.95064974008994,102.54684066324465,103.14303158639936,103.73922250955407,104.33541343270878,104.93160435586348,105.52779527901819,106.1239862021729,106.72017712532761,107.31636804848232,107.91255897163703,108.50874989479173,109.10494081794644,109.70113174110115,110.29732266425586,110.89351358741057,111.48970451056528,112.08589543371998,112.68208635687469,113.2782772800294,113.87446820318411,114.47065912633882,115.06685004949352,115.66304097264823,116.25923189580294,116.85542281895765,117.45161374211236,118.04780466526707,118.64399558842177,119.24018651157648,119.83637743473119,120.4325683578859,121.0287592810406,121.62495020419531,122.22114112735002,122.81733205050473,123.41352297365944,124.00971389681415,124.60590481996886,125.20209574312356,125.79828666627827,126.39447758943298,126.99066851258769,127.5868594357424,128.1830503588971,128.7792412820518,129.3754322052065,129.9716231283612,130.56781405151588,131.16400497467058,131.76019589782527,132.35638682097996,132.95257774413466,133.54876866728935,134.14495959044405,134.74115051359874,135.33734143675343,135.93353235990813,136.52972328306282,137.12591420621752,137.7221051293722,138.3182960525269,138.9144869756816,139.5106778988363,140.106868821991,140.70305974514568,141.29925066830037,141.89544159145507,142.49163251460976,143.08782343776446,143.68401436091915,144.28020528407384,144.87639620722854,145.47258713038323,146.06877805353793,146.66496897669262,147.2611598998473,147.857350823002,148.4535417461567,149.0497326693114,149.6459235924661,150.24211451562078,150.83830543877548,151.43449636193017,152.03068728508487,152.62687820823956,153.22306913139425,153.81926005454895,154.41545097770364,155.01164190085834,155.60783282401303,156.20402374716772,156.80021467032242,157.3964055934771,157.9925965166318,158.5887874397865,159.1849783629412,159.7811692860959,160.37736020925058,160.97355113240528,161.56974205555997,162.16593297871466,162.76212390186936,163.35831482502405,163.95450574817875,164.55069667133344,165.14688759448813,165.74307851764283,166.33926944079752,166.93546036395222,167.5316512871069,168.1278422102616,168.7240331334163,169.320224056571,169.9164149797257,170.51260590288038,171.10879682603507,171.70498774918977,172.30117867234446,172.89736959549916,173.49356051865385,174.08975144180854,174.68594236496324,175.28213328811793,175.87832421127263,176.47451513442732,177.07070605758202,177.6668969807367,178.2630879038914,178.8592788270461,179.4554697502008,180.05166067335549,180.64785159651018,181.24404251966487,181.84023344281957,182.43642436597426,183.03261528912896,183.62880621228365,184.22499713543834,184.82118805859304,185.41737898174773,186.01356990490243
0.5968341573354103,1.1936683146708207,1.790502472006231,2.3873366293416414,2.9841707866770517,4.328474000632411,4.925308157967821,5.522142315303231,6.118976472638641,6.715810629974051,7.312644787309461,8.656948001264821,10.001251215220181,10.598085372555591,11.194919529891001,11.79175368722641,12.38858784456182,12.98542200189723,13.58225615923264,14.17909031656805,14.77592447390346,15.37275863123887,15.96959278857428,16.56642694590969,17.1632611032451,17.760095260580513,18.356929417915925,18.953763575251337,19.55059773258675,20.14743188992216,20.74426604725757,21.341100204592983,21.937934361928395,22.534768519263807,23.13160267659922,23.72843683393463,24.32527099127004,24.922105148605453,25.518939305940865,26.115773463276277,26.71260762061169,27.3094417779471,27.906275935282512,28.503110092617923,29.099944249953335,29.696778407288747,30.29361256462416,30.89044672195957,31.487280879294982,32.08411503663039,32.6809491939658,33.27778335130121,34.622086565256566,35.96638977921192,36.56322393654733,37.16005809388274,37.75689225121815,38.353726408553555,38.95056056588896,39.54739472322437,40.14422888055978,40.74106303789519,41.337897195230596,41.934731352566004,42.53156550990141,43.12839966723682,43.72523382457223,44.32206798190764,44.918902139243045,45.51573629657845,46.11257045391386,46.70940461124927,47.30623876858468,47.903072925920085,48.49990708325549,49.0967412405909,49.69357539792631,50.29040955526172,50.887243712597126,51.484077869932534,52.08091202726794,53.4252152412233,54.769518455178655,55.36635261251406,55.96318676984947,56.56002092718488,57.15685508452029,57.753689241855696,58.350523399191104,58.94735755652651,59.54419171386192,60.14102587119733,60.73786002853274,61.334694185868145,61.93152834320355,62.52836250053896,63.12519665787437,63.72203081520978,64.31886497254519,64.9156991298806,65.512533287216,66.10936744455141,66.70620160188682,67.30303575922223,67.89986991655763,68.49670407389304,69.09353823122845,69.69037238856386,70.28720654589927,70.88404070323467,71.48087486057008,72.07770901790549,72.6745431752409,73.27137733257631,74.61568054653166,75.21251470386707,75.80934886120248,76.40618301853789,77.0030171758733,77.5998513332087,78.19668549054411,78.79351964787952,79.39035380521493,79.98718796255034,80.58402211988574,81.9283253338411,82.52515949117651,83.12199364851192,83.71882780584733,84.31566196318273,84.91249612051814,85.50933027785355,86.10616443518896,86.70299859252437,87.29983274985977,87.89666690719518,89.24097012115054,89.83780427848595,90.43463843582136,91.03147259315676,91.62830675049217,92.22514090782758,92.82197506516299,93.4188092224984,94.0156433798338,94.61247753716921,95.20931169450462,95.80614585184003,96.40298000917544,96.99981416651084,97.59664832384625,98.19348248118166,98.79031663851707,99.38715079585248,99.98398495318789,100.5808191105233,101.1776532678587,101.77448742519411,102.37132158252952,102.96815573986493,103.56498989720033,104.16182405453574,104.75865821187115,105.35549236920656,105.95232652654197,106.54916068387737,107.14599484121278,107.74282899854819,108.3396631558836,108.93649731321901,109.53333147055442,110.13016562788982,110.72699978522523,111.32383394256064,111.92066809989605,112.51750225723146,113.11433641456686,113.71117057190227,114.30800472923768,114.90483888657309,115.5016730439085,116.0985072012439,116.69534135857931,117.29217551591472,117.88900967325013,118.48584383058554,119.08267798792095,119.67951214525635,120.27634630259176,120.87318045992717,121.47001461726258,122.06684877459799,122.6636829319334,123.2605170892688,123.85735124660421,124.45418540393962,125.05101956127503,125.64785371861043,126.24468787594584,126.84152203328125,127.43835619061666,128.03519034795207,128.6320245052875,129.2288586626229,129.82569281995833,130.42252697729376,131.01936113462918,131.6161952919646,132.21302944930002,132.80986360663545,133.40669776397087,134.0035319213063,134.6003660786417,135.19720023597714,135.79403439331256,136.39086855064798,136.9877027079834,137.58453686531882,138.18137102265425,138.77820517998967,139.3750393373251,139.9718734946605,140.56870765199594,141.16554180933136,141.76237596666678,142.3592101240022,142.95604428133763,143.55287843867305,144.14971259600847,144.7465467533439,145.34338091067931,145.94021506801474,146.53704922535016,147.13388338268558,147.730717540021,148.32755169735643,148.92438585469185,149.52122001202727,150.1180541693627,150.71488832669812,151.31172248403354,151.90855664136896,152.50539079870438,153.1022249560398,153.69905911337523,154.29589327071065,154.89272742804607,155.4895615853815,156.08639574271692,156.68322990005234,157.28006405738776,157.87689821472318,158.4737323720586,159.07056652939403,159.66740068672945,160.26423484406487,160.8610690014003,161.45790315873572,162.05473731607114,162.65157147340656,163.24840563074198,163.8452397880774,164.44207394541283,165.03890810274825,165.63574226008367,166.2325764174191,166.82941057475452,167.42624473208994,168.02307888942536,168.6199130467608,169.2167472040962,169.81358136143163,170.41041551876705,171.00724967610248,171.6040838334379,172.20091799077332,172.79775214810874,173.39458630544416,173.9914204627796,174.588254620115,175.18508877745043,175.78192293478585,176.37875709212128,176.9755912494567,177.57242540679212,178.16925956412754,178.76609372146297,179.3629278787984,179.9597620361338,180.55659619346923,181.15343035080465,181.75026450814008,182.3470986654755,182.94393282281092,183.54076698014634,184.13760113748177,184.7344352948172,185.3312694521526,185.92810360948803,186.52493776682346
0.5516485386014378,1.1032970772028756,1.6549456158043134,2.2065941544057512,2.758242693007189,3.309891231608627,3.8615397702100647,4.4131883088115025,4.96483684741294,5.952780519045113,6.504429057646551,7.056077596247988,7.607726134849425,8.159374673450863,8.7110232120523,9.262671750653737,9.814320289255175,10.365968827856612,10.91761736645805,11.469265905059487,12.020914443660924,12.572562982262362,13.560506653894535,14.112155192495972,14.66380373109741,15.215452269698847,16.20339594133102,16.755044479932458,17.306693018533895,17.858341557135333,18.40999009573677,18.961638634338208,19.513287172939645,20.50123084457182,21.48917451620399,22.04082305480543,22.592471593406867,23.58041526503904,24.132063803640477,24.683712342241915,25.671656013874088,26.223304552475525,26.774953091076963,27.762896762709136,28.314545301310574,28.86619383991201,29.41784237851345,29.969490917114886,30.521139455716323,31.509083127348497,32.06073166594994,32.61238020455138,33.16402874315282,33.71567728175426,34.2673258203557,34.81897435895714,35.37062289755858,35.922271436160024,36.473919974761465,37.025568513362906,37.57721705196435,38.12886559056579,38.68051412916723,39.23216266776867,39.78381120637011,40.33545974497155,41.323403416603725,41.875051955205166,42.42670049380661,42.97834903240805,43.52999757100949,44.08164610961093,44.63329464821237,45.18494318681381,45.73659172541525,46.28824026401669,46.839888802618134,47.391537341219575,47.943185879821016,48.49483441842246,49.0464829570239,49.59813149562534,50.14978003422678,50.70142857282822,51.25307711142966,51.8047256500311,52.35637418863254,52.908022727233984,53.459671265835425,54.011319804436866,54.56296834303831,55.11461688163975,55.66626542024119,56.21791395884263,56.76956249744407,57.32121103604551,57.87285957464695,58.42450811324839,58.976156651849834,59.527805190451275,60.079453729052716,60.63110226765416,61.1827508062556,61.73439934485704,62.28604788345848,62.83769642205992,63.38934496066136,63.9409934992628,64.49264203786424,65.04429057646568,65.59593911506713,66.14758765366857,66.69923619227,67.25088473087145,67.80253326947289,68.35418180807433,68.90583034667577,69.45747888527721,70.00912742387865,70.5607759624801,71.11242450108153,71.66407303968298,72.21572157828442,72.76737011688586,73.3190186554873,73.87066719408874,74.42231573269018,74.97396427129162,75.52561280989306,76.0772613484945,76.62890988709594,77.18055842569738,77.73220696429883,78.28385550290027,78.83550404150171,79.38715258010315,79.93880111870459,80.49044965730603,81.04209819590747,81.59374673450891,82.14539527311035,82.6970438117118,83.24869235031323,83.80034088891468,84.35198942751612,84.90363796611756,85.455286504719,86.00693504332044,86.55858358192188,87.11023212052332,87.66188065912476,88.2135291977262,88.76517773632764,89.31682627492908,89.86847481353053,90.42012335213197,90.97177189073341,91.52342042933485,92.07506896793629,92.62671750653773,93.17836604513917,93.73001458374061,94.28166312234205,94.8333116609435,95.38496019954493,95.93660873814638,96.48825727674782,97.03990581534926,97.5915543539507,98.14320289255214,98.69485143115358,99.24649996975502,99.79814850835646,100.3497970469579,100.90144558555934,101.45309412416078,102.00474266276223,102.55639120136367,103.10803973996511,103.65968827856655,104.21133681716799,104.76298535576943,105.31463389437087,105.86628243297231,106.41793097157375,106.9695795101752,107.52122804877663,108.07287658737808,108.62452512597952,109.17617366458096,109.7278222031824,110.27947074178384,110.83111928038528,111.38276781898672,111.93441635758816,112.4860648961896,113.03771343479104,113.58936197339249,114.14101051199393,114.69265905059537,115.24430758919681,115.79595612779825,116.34760466639969,116.89925320500113,117.45090174360257,118.00255028220401,118.55419882080545,119.1058473594069,119.65749589800834,120.20914443660978,120.76079297521122,121.31244151381266,121.8640900524141,122.41573859101554,122.96738712961698,123.51903566821842,124.07068420681986,124.6223327454213,125.17398128402274,125.72562982262419,126.27727836122563,126.82892689982707,127.38057543842851,127.93222397702995,128.4838725156314,129.03552105423282,129.58716959283424,130.13881813143567,130.6904666700371,131.24211520863852,131.79376374723995,132.34541228584138,132.8970608244428,133.44870936304423,134.00035790164566,134.55200644024708,135.1036549788485,135.65530351744994,136.20695205605136,136.7586005946528,137.31024913325422,137.86189767185564,138.41354621045707,138.9651947490585,139.51684328765992,140.06849182626135,140.62014036486278,141.1717889034642,141.72343744206563,142.27508598066706,142.82673451926848,143.3783830578699,143.93003159647134,144.48168013507276,145.0333286736742,145.58497721227562,146.13662575087704,146.68827428947847,147.2399228280799,147.79157136668132,148.34321990528275,148.89486844388418,149.4465169824856,149.99816552108703,150.54981405968846,151.10146259828988,151.6531111368913,152.20475967549274,152.75640821409417,153.3080567526956,153.85970529129702,154.41135382989845,154.96300236849987,155.5146509071013,156.06629944570273,156.61794798430415,157.16959652290558,157.721245061507,158.27289360010843,158.82454213870986,159.37619067731129,159.9278392159127,160.47948775451414,161.03113629311557,161.582784831717,162.13443337031842,162.68608190891985,163.23773044752127,163.7893789861227,164.34102752472413,164.89267606332555,165.44432460192698,165.9959731405284,166.54762167912983,167.09927021773126,167.6509187563327,168.2025672949341,168.75421583353554,169.30586437213697,169.8575129107384
0.584301611752676,1.168603223505352,1.752904835258028,3.1079313410336433,3.6922329527863194,4.276534564538995,5.631561070314611,6.215862682067287,6.800164293819963,7.384465905572639,7.968767517325315,9.32379402310093,9.908095634853606,11.263122140629221,11.847423752381896,13.202450258157512,13.786751869910187,14.371053481662862,14.955355093415537,15.539656705168213,16.123958316920888,16.708259928673563,17.292561540426238,17.876863152178913,18.46116476393159,19.045466375684263,19.62976798743694,20.214069599189614,21.56909610496523,22.153397716717905,22.73769932847058,23.322000940223255,23.90630255197593,24.490604163728605,25.07490577548128,25.659207387233955,26.24350899898663,26.827810610739306,27.41211222249198,27.996413834244656,29.35144034002027,30.706466845795887,31.290768457548563,31.875070069301238,32.459371681053916,33.043673292806595,33.627974904559274,34.21227651631195,34.79657812806463,35.38087973981731,35.96518135156999,36.54948296332267,37.133784575075346,37.718086186828025,38.3023877985807,39.657414304356315,41.01244081013193,41.596742421884606,42.181044033637285,42.765345645389964,43.34964725714264,43.93394886889532,44.518250480648,45.10255209240068,45.68685370415336,46.271155315906036,46.855456927658715,47.43975853941139,48.02406015116407,48.60836176291675,49.19266337466943,49.77696498642211,50.36126659817479,50.945568209927465,51.529869821680144,52.11417143343282,52.6984730451855,53.28277465693818,53.86707626869086,54.45137788044354,55.035679492196216,55.619981103948895,56.204282715701574,56.78858432745425,57.37288593920693,57.95718755095961,58.54148916271229,59.12579077446497,59.710092386217646,60.294393997970325,60.878695609723,61.46299722147568,62.04729883322836,62.63160044498104,63.21590205673372,63.8002036684864,64.38450528023907,64.96880689199175,65.55310850374443,66.1374101154971,66.72171172724978,67.30601333900246,67.89031495075514,68.47461656250782,69.0589181742605,69.64321978601318,70.22752139776586,70.81182300951853,71.39612462127121,71.98042623302389,72.56472784477657,73.14902945652925,73.73333106828193,74.3176326800346,74.90193429178728,75.48623590353996,76.07053751529264,76.65483912704532,77.239140738798,77.82344235055068,78.40774396230336,78.99204557405604,79.57634718580871,80.1606487975614,80.74495040931407,81.32925202106675,81.91355363281943,82.49785524457211,83.08215685632479,83.66645846807747,84.25076007983014,84.83506169158282,85.4193633033355,86.00366491508818,86.58796652684086,87.17226813859354,87.75656975034622,88.3408713620989,88.92517297385157,89.50947458560425,90.09377619735693,90.67807780910961,91.26237942086229,91.84668103261497,92.43098264436765,93.01528425612032,93.599585867873,94.18388747962568,94.76818909137836,95.35249070313104,95.93679231488372,96.5210939266364,97.10539553838908,97.68969715014175,98.27399876189443,98.85830037364711,99.44260198539979,100.02690359715247,100.61120520890515,101.19550682065783,101.7798084324105,102.36411004416318,102.94841165591586,103.53271326766854,104.11701487942122,104.7013164911739,105.28561810292658,105.86991971467926,106.45422132643193,107.03852293818461,107.62282454993729,108.20712616168997,108.79142777344265,109.37572938519533,109.960030996948,110.54433260870069,111.12863422045336,111.71293583220604,112.29723744395872,112.8815390557114,113.46584066746408,114.05014227921676,114.63444389096944,115.21874550272211,115.8030471144748,116.38734872622747,116.97165033798015,117.55595194973283,118.14025356148551,118.72455517323819,119.30885678499087,119.89315839674354,120.47746000849622,121.0617616202489,121.64606323200158,122.23036484375426,122.81466645550694,123.39896806725962,123.9832696790123,124.56757129076497,125.15187290251765,125.73617451427033,126.32047612602301,126.90477773777569,127.48907934952837,128.07338096128103,128.6576825730337,129.24198418478636,129.82628579653903,130.4105874082917,130.99488902004435,131.57919063179702,132.16349224354968,132.74779385530235,133.332095467055,133.91639707880768,134.50069869056034,135.085000302313,135.66930191406567,136.25360352581833,136.837905137571,137.42220674932366,138.00650836107633,138.590809972829,139.17511158458166,139.75941319633432,140.343714808087,140.92801641983965,141.51231803159232,142.09661964334498,142.68092125509764,143.2652228668503,143.84952447860297,144.43382609035564,145.0181277021083,145.60242931386097,146.18673092561363,146.7710325373663,147.35533414911896,147.93963576087162,148.5239373726243,149.10823898437695,149.69254059612962,150.27684220788228,150.86114381963495,151.4454454313876,152.02974704314028,152.61404865489294,153.1983502666456,153.78265187839827,154.36695349015093,154.9512551019036,155.53555671365626,156.11985832540893,156.7041599371616,157.28846154891426,157.87276316066692,158.45706477241959,159.04136638417225,159.6256679959249,160.20996960767758,160.79427121943024,161.3785728311829,161.96287444293557,162.54717605468824,163.1314776664409,163.71577927819357,164.30008088994623,164.8843825016989,165.46868411345156,166.05298572520422,166.6372873369569,167.22158894870955,167.80589056046222,168.39019217221488,168.97449378396755,169.5587953957202,170.14309700747287,170.72739861922554,171.3117002309782,171.89600184273087,172.48030345448353,173.0646050662362,173.64890667798886,174.23320828974153,174.8175099014942,175.40181151324686,175.98611312499952,176.57041473675218,177.15471634850485,177.7390179602575,178.32331957201018,178.90762118376284,179.4919227955155,180.07622440726817,180.66052601902084,181.2448276307735,181.82912924252616,182.41343085427883,182.9977324660315
